-999678
-999628
-999621
-999484
-999121
-998954
-998622
-998084
-997859
-997451
-997343
-997326
-997090
-996946
-996871
-996683
-996350
-996208
-996199
-996132
-995901
-995810
-995770
-995710
-995168
-994904
-994676
-994606
-994487
-994334
-994310
-993676
-993551
-993475
-993108
-992862
-992588
-992422
-992351
-992266
-992053
-991529
-991469
-991408
-991386
-991335
-991059
-990850
-990758
-990667
-990504
-990340
-990304
-990303
-990132
-989946
-989899
-989791
-989698
-989504
-989250
-988966
-988523
-988471
-988454
-988277
-987986
-987660
-987419
-987328
-987040
-986790
-986744
-986672
-986654
-986449
-986420
-986322
-985964
-985736
-985571
-985527
-985433
-985352
-985319
-985209
-984906
-984521
-984486
-984200
-984190
-983857
-983732
-983642
-983599
-983042
-982976
-982579
-982516
-982507
-982485
-982338
-982251
-981901
-981776
-981582
-981393
-981315
-981260
-981126
-980917
-980707
-980677
-980588
-980503
-980292
-980019
-979399
-979201
-978952
-978922
-978796
-978627
-978532
-978229
-978120
-977705
-977555
-977518
-977197
-976648
-976572
-976259
-975977
-975884
-975881
-975779
-975244
-975029
-974822
-974356
-974320
-974081
-973829
-973788
-973670
-973657
-971574
-970798
-970664
-970550
-970360
-969975
-969929
-968857
-968471
-968207
-967276
-966990
-966947
-966793
-966545
-966512
-966229
-966172
-966165
-966085
-965972
-965688
-965537
-965508
-965153
-965048
-964949
-964599
-964396
-964332
-964203
-963919
-963843
-963836
-963686
-963512
-963415
-963175
-963147
-962939
-962917
-962911
-962901
-962887
-962808
-962807
-962531
-962182
-961715
-961690
-961483
-961450
-961334
-961332
-961268
-960930
-960847
-960752
-960470
-960453
-960327
-960284
-959872
-959767
-959224
-959180
-958769
-958742
-958656
-958591
-958130
-957999
-957964
-957484
-957449
-957294
-957225
-957024
-956859
-956720
-956370
-956368
-956217
-955992
-955985
-955736
-955664
-955370
-955329
-955007
-954637
-954535
-954523
-954363
-954070
-953694
-953576
-953303
-953058
-952981
-952933
-952915
-952593
-952488
-952332
-952172
-951421
-951049
-950877
-950696
-950581
-950216
-949728
-949522
-949244
-949031
-948876
-948661
-948612
-948488
-948070
-947713
-946946
-946840
-946778
-946405
-946397
-946342
-945845
-945575
-945442
-945281
-944836
-944756
-944548
-944504
-944279
-944150
-943885
-943345
-942739
-942432
-941932
-941859
-941771
-941736
-941498
-941240
-941184
-941072
-940771
-940764
-940460
-940264
-940208
-940003
-939879
-939699
-939648
-939461
-939417
-939325
-939151
-938826
-938405
-937966
-937861
-937771
-937705
-937635
-937570
-937522
-937105
-936904
-936902
-936533
-936524
-936459
-936367
-936023
-935983
-935948
-935635
-935454
-935292
-934975
-934911
-934863
-934597
-934357
-934268
-933629
-933605
-933504
-933269
-933016
-932895
-932719
-932536
-932524
-932220
-932105
-932010
-931984
-931926
-931880
-931473
-930600
-930553
-930465
-930130
-929739
-929366
-929346
-928781
-928484
-928429
-928322
-928116
-927551
-927531
-927232
-926890
-926828
-926822
-926631
-926600
-925979
-925913
-924902
-924835
-924572
-924527
-924476
-924440
-924035
-923543
-923537
-923509
-923272
-923231
-922912
-922716
-922577
-922510
-922314
-922282
-921709
-921585
-921529
-921322
-921025
-921001
-920974
-920856
-920804
-920713
-920292
-920188
-920162
-920023
-919874
-919800
-919558
-919542
-919093
-918722
-918392
-918389
-918370
-917937
-917790
-917625
-917567
-917454
-917075
-917073
-917001
-916958
-916550
-916326
-916237
-916038
-915946
-915398
-914931
-914893
-914656
-914552
-914545
-914380
-914076
-913967
-913956
-913628
-913547
-913510
-913494
-913321
-912425
-912124
-911532
-911484
-911443
-911422
-911174
-910847
-910633
-910345
-909860
-909524
-909477
-909363
-909307
-909219
-909155
-908738
-908443
-908347
-908141
-908036
-907829
-907584
-907382
-907208
-906739
-906668
-906557
-906523
-906385
-906252
-905758
-905610
-905372
-905242
-905127
-904737
-904552
-904337
-904023
-903886
-903800
-903712
-903239
-903159
-902548
-902371
-902354
-902336
-902296
-902162
-902113
-901770
-901466
-901386
-901211
-901165
-901005
-900981
-900274
-900219
-900179
-900059
-899892
-899799
-899705
-899668
-899510
-899325
-899166
-898998
-898988
-898732
-898647
-898403
-898395
-898280
-898229
-898173
-897898
-897673
-897663
-897311
-897297
-896919
-896802
-896538
-896089
-895984
-895747
-895576
-895418
-893777
-892902
-892884
-892745
-892417
-892347
-891959
-891894
-891728
-891651
-891187
-891163
-891115
-890513
-890444
-890444
-890252
-890089
-889909
-889869
-889855
-889783
-889613
-889222
-888405
-887901
-887675
-887610
-887365
-887119
-886895
-886761
-886686
-885793
-885760
-885676
-885669
-885597
-885525
-885474
-884782
-884631
-884132
-883599
-883309
-883246
-883103
-883072
-882786
-882671
-882479
-882399
-882375
-882126
-882034
-881988
-881867
-881253
-881252
-880946
-880426
-880285
-880243
-879574
-879506
-879477
-879321
-878990
-878730
-878713
-878254
-877933
-877893
-877669
-877654
-877556
-877409
-877266
-877091
-876993
-876740
-876726
-875951
-875773
-875757
-875722
-875665
-875263
-874821
-874795
-874462
-874159
-873958
-873536
-873367
-873144
-873105
-872601
-872373
-871552
-871196
-870854
-870745
-870619
-870376
-870187
-869860
-869815
-869504
-869461
-869326
-869092
-868911
-868571
-868540
-868322
-868259
-868094
-867934
-867907
-867801
-867800
-867317
-867254
-867171
-867117
-866930
-866791
-866745
-866697
-866682
-866584
-866234
-865851
-865756
-865753
-865539
-865144
-865094
-864786
-864668
-864166
-864108
-863971
-863591
-863287
-863033
-862887
-862749
-862730
-862112
-861585
-861096
-860503
-860061
-859871
-859841
-859745
-859525
-859425
-859308
-859308
-859220
-859139
-858588
-858512
-858489
-858093
-858045
-857904
-857738
-857631
-857411
-857303
-857169
-857149
-857066
-856991
-856898
-856874
-856702
-856637
-856589
-856403
-856261
-856258
-856238
-856214
-856118
-855801
-855061
-854792
-854327
-854194
-854066
-853985
-853976
-853956
-853304
-853265
-853122
-853111
-852579
-852277
-852216
-852203
-851687
-851578
-851233
-851221
-850824
-850689
-850614
-850562
-850517
-850306
-850193
-850096
-849992
-849473
-849423
-849114
-849017
-848947
-848813
-848750
-848257
-848207
-848135
-848073
-848036
-847690
-847677
-847572
-847533
-847417
-847397
-847097
-847044
-847017
-846893
-846487
-846336
-846110
-845800
-845745
-845658
-845221
-845060
-844692
-844481
-844410
-844261
-843612
-843528
-843343
-843323
-843012
-842860
-842705
-842664
-842612
-842584
-842227
-842200
-841803
-841645
-841587
-841243
-841144
-840989
-840654
-840625
-840603
-838887
-838873
-838841
-838767
-838671
-838629
-838584
-838001
-837945
-837633
-837628
-837103
-836951
-836740
-836417
-836288
-835935
-835828
-835652
-835267
-834940
-834906
-834851
-834778
-834684
-834371
-834285
-834055
-833955
-833895
-833691
-833476
-833275
-833106
-833017
-832542
-831936
-831657
-831372
-831341
-831230
-831030
-830962
-830833
-830819
-830584
-830379
-830240
-830008
-829920
-829790
-829762
-829371
-829328
-829327
-829301
-828839
-828497
-828410
-828223
-828166
-828114
-827970
-827941
-827923
-827762
-827308
-827170
-827104
-827092
-826857
-826399
-826372
-826323
-825801
-825785
-825739
-825495
-825470
-825414
-825051
-824960
-824906
-824628
-824181
-823608
-823414
-823280
-823151
-823080
-823051
-823033
-822991
-822987
-822965
-822787
-822603
-822523
-822448
-821680
-821596
-821512
-821151
-821047
-820976
-820942
-820794
-820524
-820364
-820146
-820124
-820074
-819877
-819745
-819641
-819610
-819563
-819233
-819223
-818667
-818581
-818580
-818536
-818105
-818104
-817529
-817467
-816858
-816468
-816425
-815826
-815556
-815408
-815141
-815121
-814737
-814719
-814685
-814408
-813638
-813485
-813175
-813028
-813007
-812339
-812211
-812029
-811610
-811340
-811213
-810381
-809934
-809755
-809728
-809182
-809089
-808906
-808871
-808846
-808826
-808673
-808655
-808539
-808370
-808194
-808066
-807818
-807672
-807341
-806621
-806417
-806329
-806270
-805909
-805775
-805745
-805541
-805255
-804967
-804919
-804409
-804335
-804267
-804213
-804080
-803743
-803732
-803571
-803468
-803448
-803290
-803165
-802790
-802578
-802569
-802113
-802059
-801673
-800929
-800606
-800092
-799750
-799403
-798946
-798563
-798425
-798341
-798287
-798283
-798213
-798198
-798151
-797977
-797880
-797863
-797851
-797646
-797601
-797322
-797309
-797295
-797080
-797065
-797025
-796697
-796648
-796461
-796281
-796127
-796100
-796068
-795841
-795519
-795478
-795477
-795280
-795037
-794726
-794562
-794389
-794203
-794019
-793969
-793964
-793541
-793537
-793524
-793507
-793455
-793164
-792824
-792611
-792397
-792342
-791897
-791697
-791660
-791306
-791083
-790984
-790372
-790201
-790120
-790018
-789523
-789462
-788903
-788870
-788674
-788610
-788251
-788020
-787979
-787589
-787452
-787350
-786810
-786347
-786338
-786134
-785986
-785897
-785776
-784830
-784376
-784205
-784012
-783987
-783954
-783924
-783897
-783868
-783704
-783241
-782500
-782239
-781950
-781458
-780925
-780864
-780370
-780323
-780114
-779815
-779765
-778942
-778808
-778800
-778668
-778567
-778548
-778409
-778254
-778151
-778044
-777758
-777703
-777682
-777616
-777380
-777276
-777253
-777054
-776859
-776827
-776751
-776642
-776260
-776250
-776036
-775946
-775741
-775519
-775291
-775048
-774853
-774850
-774826
-774559
-774541
-774327
-774173
-773873
-773689
-773305
-773094
-772800
-772475
-772403
-772314
-772309
-772001
-771620
-771532
-771523
-771353
-771002
-770862
-770641
-770184
-770151
-769651
-769540
-769090
-768462
-768004
-767155
-766815
-766743
-766677
-766604
-766546
-766488
-766371
-766309
-766251
-765998
-765919
-765702
-765193
-764852
-764630
-764441
-764261
-764228
-763980
-763965
-763830
-763754
-763197
-762868
-762115
-761969
-761968
-761857
-761854
-761771
-761639
-761576
-760938
-760340
-760282
-759991
-759950
-759803
-758664
-758467
-758395
-758334
-757991
-757926
-757882
-757543
-757537
-757471
-757434
-757367
-757049
-756562
-756176
-756146
-756144
-755996
-755590
-755544
-755469
-754936
-754867
-754622
-754494
-754410
-754263
-753850
-753721
-753705
-753486
-753032
-753022
-752286
-752219
-752136
-751675
-751119
-750812
-750718
-750612
-750507
-750466
-750297
-750271
-750085
-749880
-749360
-749351
-749075
-748743
-748251
-748051
-747999
-747571
-747516
-747201
-747173
-747154
-747059
-746730
-745890
-745808
-745287
-745178
-744771
-744696
-744552
-744175
-744133
-743956
-743846
-743769
-743665
-743351
-743348
-743242
-743145
-742982
-742861
-742607
-742590
-742418
-742240
-742037
-741936
-741807
-741774
-741668
-741260
-741034
-741013
-740933
-740805
-740394
-739857
-739483
-738982
-738912
-737763
-737150
-736966
-736874
-736848
-736639
-736274
-736253
-736127
-735989
-735855
-735672
-735065
-734968
-734727
-734335
-734163
-734097
-733925
-733894
-733086
-732914
-732907
-732754
-731322
-731255
-730758
-730112
-729928
-729877
-729698
-729582
-729406
-728449
-728360
-728213
-728194
-728113
-728047
-728023
-727648
-727598
-727407
-727322
-727224
-726776
-726608
-726452
-726444
-726431
-726096
-726032
-725967
-725947
-725805
-725659
-725628
-725484
-725461
-724964
-724393
-724374
-724171
-724159
-724112
-723846
-723623
-723407
-723296
-723134
-722745
-722390
-722341
-722202
-722018
-721614
-721434
-721335
-721157
-721059
-720897
-720837
-720810
-720507
-720441
-719993
-719853
-719845
-719560
-719300
-718967
-718922
-718768
-718226
-717978
-717798
-717377
-717344
-717299
-717187
-717090
-716919
-716856
-716617
-716537
-716199
-716166
-715853
-715727
-715475
-715055
-714862
-714856
-714796
-714591
-714467
-714309
-714277
-714262
-713998
-713989
-713737
-713619
-713557
-713556
-713504
-713486
-713332
-713207
-713047
-712896
-712891
-712809
-712506
-712125
-711759
-711743
-711711
-711452
-711402
-711260
-710122
-709938
-709732
-709630
-709423
-709341
-709127
-708879
-708770
-708586
-708450
-708238
-708052
-707112
-707027
-706877
-706562
-706553
-706293
-706182
-706059
-705800
-705060
-704759
-704498
-704279
-704254
-704218
-704206
-704189
-704077
-703564
-703027
-702850
-702732
-702604
-702509
-702351
-702326
-702196
-702135
-702013
-701302
-701074
-701061
-701007
-700967
-700679
-700665
-700659
-700406
-700376
-700321
-699993
-699915
-699834
-699521
-699404
-699259
-699257
-698658
-698519
-698330
-697792
-697712
-697679
-697491
-697403
-696974
-696924
-696802
-696749
-696309
-696026
-695702
-695229
-694982
-694558
-694522
-694273
-694258
-694145
-694009
-693545
-693516
-693403
-693337
-693282
-693237
-693086
-692771
-692303
-692260
-692199
-692030
-691954
-691936
-691905
-691889
-691304
-690459
-690391
-690217
-690063
-689803
-689313
-689279
-688871
-688808
-688769
-688705
-688460
-688209
-687721
-687317
-686927
-686541
-686240
-685541
-685495
-684981
-684893
-684276
-684123
-683826
-683810
-683801
-683618
-683406
-682919
-682778
-682649
-682300
-682179
-681982
-681419
-681260
-681095
-680937
-680898
-680754
-680630
-680474
-680395
-680032
-679996
-679967
-679796
-679509
-679262
-679181
-678792
-678735
-678727
-678237
-678070
-678029
-677954
-677632
-677396
-677387
-677222
-676924
-676908
-676723
-676660
-676626
-676574
-676547
-675726
-675711
-675676
-675627
-675555
-675296
-675195
-675009
-674190
-673637
-673524
-673466
-673407
-673187
-673063
-673003
-672805
-672098
-672015
-671888
-671721
-670660
-670546
-670407
-670359
-670067
-669973
-669500
-669355
-669299
-669166
-669017
-668972
-668832
-668616
-668533
-668070
-667961
-667958
-667954
-667622
-667498
-667473
-667242
-666243
-666134
-665686
-665175
-664721
-664712
-664689
-664647
-664630
-664608
-664394
-664376
-664085
-663919
-663644
-663596
-663117
-663085
-663033
-662659
-662607
-662567
-662542
-662414
-662320
-662237
-662160
-662105
-662052
-661952
-661798
-661797
-661680
-661209
-661107
-661078
-660990
-660904
-660756
-660750
-660621
-660503
-660161
-660030
-659697
-659465
-659216
-659189
-658858
-658523
-658516
-657952
-657518
-657514
-657434
-657341
-657118
-656720
-656616
-656428
-656336
-656064
-656021
-655824
-655706
-655586
-655429
-655340
-655155
-655119
-655001
-654850
-654692
-654055
-653944
-653867
-653525
-653401
-653392
-652931
-652880
-652746
-652730
-652566
-652476
-652386
-652268
-652028
-651943
-651851
-651732
-651204
-651190
-650943
-650920
-650556
-650427
-650094
-649947
-649792
-649729
-649587
-649011
-648671
-648278
-647983
-647939
-647863
-647753
-647445
-647358
-647143
-646843
-646801
-646759
-646462
-646228
-646158
-646028
-645957
-645163
-645142
-644962
-644720
-644476
-644082
-644076
-643854
-643547
-643333
-643289
-641390
-641212
-640684
-640558
-640266
-640206
-640004
-639555
-639551
-639308
-638919
-638901
-638736
-638720
-638590
-638215
-638143
-638120
-637873
-637810
-637730
-637642
-636888
-636518
-635985
-635904
-635635
-635632
-635472
-635279
-635267
-635155
-634720
-634119
-634047
-633949
-633077
-632947
-632944
-632562
-632514
-631664
-631399
-631010
-630869
-630654
-630478
-629757
-629732
-629627
-629532
-629323
-628983
-628962
-628707
-628551
-628305
-627866
-627787
-627744
-627133
-627125
-626955
-626941
-626823
-626541
-626303
-626183
-626004
-625908
-625859
-625406
-625326
-624941
-624796
-624730
-624485
-624089
-623679
-623547
-623485
-623078
-622737
-622410
-622379
-622204
-621793
-621668
-621145
-621081
-620860
-620832
-620451
-620390
-620333
-620079
-620029
-619881
-619710
-619428
-619173
-618941
-618582
-618218
-617892
-617882
-617082
-616845
-616706
-616529
-616350
-616329
-616167
-616109
-615942
-615612
-615520
-615098
-614998
-614634
-614137
-614007
-613930
-613870
-613564
-613152
-612858
-612793
-612608
-612531
-612418
-612248
-612042
-611969
-611833
-611812
-611757
-611014
-610932
-610810
-610606
-610484
-610168
-609967
-609823
-609553
-609477
-609449
-609172
-609162
-609058
-608681
-607871
-607787
-607632
-607578
-607447
-607418
-607343
-607254
-606854
-606724
-606720
-606604
-606524
-606290
-606208
-606054
-605820
-605723
-605341
-605215
-605204
-605095
-605074
-604824
-604547
-604524
-604061
-603964
-603646
-603607
-603229
-603172
-603087
-602738
-602719
-602635
-602613
-602466
-602260
-602061
-601945
-601915
-601760
-600968
-600337
-600181
-599999
-599840
-599822
-599359
-598789
-598532
-598400
-598145
-597663
-597653
-597555
-597550
-597499
-596477
-596234
-595916
-595877
-595509
-594682
-594296
-594199
-593953
-593795
-593790
-593760
-593711
-593177
-592479
-592387
-592343
-592320
-592193
-591931
-591874
-591323
-591265
-591039
-590635
-590110
-590055
-589880
-589686
-589615
-589397
-589148
-589077
-588917
-588718
-588646
-588425
-588239
-588068
-588007
-587212
-587119
-586873
-586703
-586138
-585962
-585855
-585663
-584913
-584508
-584329
-584088
-584046
-583646
-583630
-583478
-582469
-582242
-581986
-581655
-581650
-581577
-580717
-580586
-580431
-580038
-579755
-579644
-579485
-579424
-579141
-578956
-578877
-578856
-578569
-578568
-578337
-578330
-578143
-578105
-577928
-577138
-576788
-576597
-576344
-576151
-576103
-575887
-575824
-575801
-575507
-575390
-575213
-574979
-574810
-574749
-574674
-574344
-574138
-574077
-573819
-573699
-573454
-573289
-573024
-572972
-572969
-571988
-571907
-571730
-570774
-570626
-570168
-570129
-569929
-569899
-569850
-569830
-569749
-569652
-569581
-569560
-569186
-569126
-569121
-568965
-568860
-568824
-568793
-568546
-567710
-567476
-567354
-567089
-567013
-566943
-566887
-566395
-566133
-565928
-565922
-565921
-565710
-564964
-564771
-564718
-564450
-564394
-564000
-563998
-563826
-563643
-563605
-563422
-563408
-563356
-563007
-562303
-562257
-561564
-561228
-561218
-561130
-561113
-560882
-560873
-560838
-560724
-559955
-559930
-559513
-559082
-559071
-558570
-558347
-558277
-557819
-557794
-557256
-556843
-556664
-556118
-555796
-555649
-555648
-555514
-554973
-554830
-554691
-554611
-554335
-553986
-553944
-553751
-553455
-553393
-553339
-553072
-553003
-552852
-552804
-552677
-552634
-552329
-552153
-552145
-551926
-551912
-551342
-551339
-551164
-550843
-550580
-549804
-549804
-549753
-549572
-549480
-549427
-549116
-548728
-548282
-548129
-548129
-548055
-547650
-547646
-547410
-546826
-546409
-546399
-546198
-545612
-545271
-545030
-544599
-544529
-544402
-544348
-544151
-544059
-543240
-542660
-542657
-542599
-542383
-542269
-541966
-541933
-541555
-541371
-540803
-540654
-540596
-540445
-540215
-540213
-540165
-540101
-539815
-539783
-539721
-539096
-538894
-538883
-538805
-538483
-538415
-538401
-538366
-537807
-537646
-537310
-537179
-537151
-536821
-536442
-536413
-536254
-536197
-535989
-535924
-535612
-535391
-534955
-534774
-534714
-534570
-534375
-534333
-534097
-533961
-533903
-533552
-533516
-533412
-532765
-532537
-532172
-531908
-531814
-531670
-531472
-531263
-531047
-530565
-530259
-529723
-529672
-529262
-529237
-529087
-528892
-528868
-528449
-528302
-528112
-527830
-527751
-527474
-527363
-527134
-527113
-526917
-526905
-526864
-526835
-526799
-526481
-526000
-525989
-525782
-525744
-525613
-525372
-525328
-525149
-525103
-525072
-524993
-524889
-524298
-524040
-523841
-523777
-523677
-523647
-523624
-523551
-523354
-523317
-523305
-523253
-523214
-523086
-522872
-522650
-522630
-522339
-522307
-522293
-522236
-522111
-522080
-522073
-521624
-521065
-520793
-520590
-520448
-519906
-519435
-519212
-519022
-518870
-518768
-518716
-518675
-518645
-518528
-518431
-518241
-518222
-517759
-517748
-517704
-517568
-517563
-517492
-517452
-516869
-516867
-516664
-516594
-516402
-516392
-516387
-516025
-515570
-515344
-515298
-515261
-514982
-514939
-514699
-514521
-513348
-513010
-512978
-512928
-512690
-512457
-512329
-512200
-511948
-511357
-511214
-511139
-511021
-510876
-510783
-510774
-510758
-510600
-510348
-509990
-509615
-509576
-509032
-508386
-508202
-508134
-507745
-507659
-507544
-507147
-506539
-506521
-506299
-505902
-505714
-505513
-505465
-505429
-505366
-505192
-505192
-505168
-505070
-504994
-504377
-504323
-504321
-504237
-504233
-504055
-503922
-503772
-503623
-502926
-502905
-502698
-502696
-502691
-502329
-501673
-501354
-501302
-501279
-500688
-500224
-500122
-499754
-499696
-499429
-499123
-499036
-498369
-498359
-498201
-498193
-498011
-498011
-497760
-497324
-497283
-497221
-497174
-496891
-496528
-496514
-496416
-496185
-495850
-495681
-495658
-495254
-494720
-494607
-494536
-494403
-494361
-494099
-494088
-493964
-493858
-493684
-493566
-493511
-493172
-492853
-492786
-492523
-492293
-492159
-491933
-491916
-491665
-491174
-491106
-490541
-490303
-489798
-489785
-489195
-489005
-488999
-488983
-488855
-488850
-488477
-488456
-488090
-487775
-487633
-487616
-487568
-487416
-487373
-487343
-487033
-486901
-486331
-486035
-486002
-485790
-485784
-485729
-485695
-485693
-485689
-485613
-485578
-485286
-485279
-484790
-484506
-484349
-484318
-484261
-484115
-483874
-483261
-483197
-482959
-482932
-482752
-482698
-482698
-482572
-482418
-482133
-482022
-481927
-481745
-481698
-481348
-481299
-481130
-481040
-480290
-480257
-480238
-480108
-480000
-479542
-479362
-479262
-478946
-478749
-478109
-477535
-476755
-476741
-476514
-476442
-475790
-475105
-475069
-474867
-474270
-474099
-473987
-473894
-473782
-473673
-473619
-473581
-473185
-472816
-472777
-472761
-472433
-472406
-471937
-471850
-471796
-471673
-471651
-471588
-471177
-471107
-470951
-470079
-469991
-469840
-469802
-469717
-469487
-469478
-469242
-468958
-468633
-468425
-467701
-467618
-467539
-467117
-466805
-466780
-466507
-466425
-466206
-466011
-465796
-465776
-465472
-465404
-465393
-465170
-465144
-465114
-465057
-464941
-464117
-463768
-463447
-463438
-463366
-463349
-463099
-462980
-462928
-462841
-462434
-462261
-462124
-461885
-461873
-461846
-461801
-461565
-461423
-461256
-461080
-460996
-460595
-460510
-460453
-460451
-460343
-460235
-460011
-459933
-459896
-459769
-459616
-459604
-459098
-459051
-458937
-458921
-458728
-458058
-457695
-457642
-457508
-456668
-456421
-456136
-456084
-455924
-455806
-455732
-455693
-455270
-454727
-454356
-453795
-453501
-453014
-453011
-452755
-452675
-452583
-452376
-452262
-452206
-452153
-451558
-451476
-451279
-451213
-451209
-451201
-450814
-450749
-450661
-450626
-450508
-450351
-450290
-450254
-450241
-449783
-449711
-449651
-449354
-449334
-448989
-448840
-448792
-448740
-448671
-448390
-448285
-448261
-448217
-448145
-447967
-447810
-447710
-447513
-447215
-447188
-447086
-446700
-446679
-446332
-446328
-446166
-446080
-445596
-445582
-445574
-444953
-444731
-444264
-444001
-443962
-443953
-443632
-443151
-443053
-442363
-442232
-442165
-441657
-440969
-440889
-440641
-440433
-439632
-439179
-438845
-438799
-438776
-438739
-438734
-438692
-438105
-438090
-437744
-437718
-437374
-437164
-436830
-436746
-436635
-436537
-435810
-435804
-435738
-435723
-435665
-435382
-435257
-435191
-434759
-434718
-434095
-433900
-433894
-433525
-433304
-433148
-433017
-432964
-432929
-432899
-432876
-432874
-432635
-432607
-432565
-432562
-432477
-432231
-431715
-431293
-431194
-431177
-430821
-430522
-430079
-430077
-430076
-429971
-429827
-429708
-429498
-429432
-428975
-428953
-428941
-428885
-428784
-428675
-428454
-428313
-427960
-427924
-427637
-426957
-426813
-426794
-426773
-426773
-426739
-426261
-426220
-426080
-425996
-425800
-425600
-425052
-424938
-424653
-424429
-423892
-423710
-423658
-423348
-423112
-422931
-422859
-422817
-422692
-422642
-422407
-422348
-422341
-422331
-422234
-421835
-421772
-421671
-421471
-421461
-421260
-420930
-420589
-420549
-420544
-420255
-419813
-419785
-419569
-419360
-419253
-418566
-418262
-418205
-418059
-417893
-417642
-417575
-417543
-417282
-417152
-416823
-416780
-416729
-416377
-416085
-415843
-415835
-415618
-415245
-414959
-414886
-414875
-414855
-414815
-414619
-414584
-414469
-414040
-413929
-413772
-413559
-413458
-412649
-412530
-411608
-411010
-410519
-410515
-410509
-410102
-410091
-410056
-409587
-409479
-409473
-409380
-408750
-408611
-408570
-408545
-408415
-408050
-407988
-407921
-407639
-407352
-407060
-407004
-406992
-406558
-406431
-406418
-406252
-406221
-405980
-405938
-405741
-405367
-405274
-404954
-404921
-404732
-404630
-404464
-404369
-403585
-403508
-403316
-403155
-402736
-402561
-402538
-402505
-402048
-401992
-401654
-401653
-401617
-401394
-401376
-401202
-400913
-400785
-400622
-400472
-400448
-400232
-399990
-399842
-399535
-399369
-399308
-398677
-398647
-398407
-398232
-397433
-397389
-397387
-397156
-397080
-397045
-396665
-396650
-396424
-396364
-395987
-395784
-395760
-395712
-395676
-395556
-395461
-395443
-394832
-394588
-394549
-394428
-394394
-394365
-394086
-393823
-393580
-393317
-392518
-392416
-392240
-392202
-391649
-391605
-391333
-390922
-390860
-390842
-390806
-390713
-390506
-390352
-390186
-389846
-389636
-389309
-389294
-389292
-389054
-388704
-388397
-388377
-388137
-387418
-387340
-387020
-387013
-386925
-386916
-386577
-386553
-386510
-386488
-386289
-386282
-386190
-386007
-385845
-385674
-385160
-384773
-384690
-384662
-384609
-384485
-384369
-384287
-384272
-384217
-384197
-384171
-384005
-383574
-383555
-383501
-383422
-383383
-383157
-382988
-382965
-382815
-382781
-382372
-382316
-382198
-381524
-381093
-380726
-380527
-380487
-380338
-380089
-379855
-379808
-379661
-379529
-379330
-379166
-378964
-378396
-378315
-378284
-378220
-378032
-378019
-377932
-377843
-377720
-377607
-377380
-377333
-377321
-377275
-377181
-376675
-376120
-376077
-376035
-375970
-375406
-375000
-374689
-374531
-374142
-374093
-373985
-373984
-373849
-373730
-373669
-373584
-373415
-373067
-372946
-372750
-372093
-371755
-371491
-371249
-371186
-371120
-371012
-370621
-370524
-370416
-370302
-370216
-370210
-370203
-369450
-369065
-368773
-368735
-368428
-368262
-368168
-367874
-367698
-367553
-367536
-367021
-366963
-366949
-366706
-366584
-366545
-366541
-366442
-366336
-366145
-366097
-365857
-365809
-365755
-363997
-363930
-363914
-363656
-363529
-363503
-363439
-363424
-362948
-362896
-362836
-362625
-362550
-362457
-362353
-362333
-362056
-361877
-361417
-361183
-360961
-360737
-360734
-360711
-360669
-360415
-360220
-360114
-360089
-359980
-359810
-359696
-359674
-359314
-359192
-359113
-359066
-359059
-359019
-358666
-358650
-358328
-357924
-357720
-357694
-357589
-357246
-356949
-356383
-356250
-356072
-356066
-355939
-355287
-354939
-354923
-354630
-354602
-354332
-354181
-354180
-354176
-354119
-353866
-353700
-353667
-353558
-353465
-353272
-353072
-353013
-352798
-352503
-351979
-351938
-351918
-351787
-351676
-351597
-351565
-351554
-351541
-351381
-350968
-350550
-350163
-349765
-349764
-349726
-349646
-349585
-349341
-348517
-348335
-348146
-347830
-347818
-347695
-347447
-347358
-347274
-346885
-346648
-346549
-346486
-346162
-345961
-345912
-345635
-345611
-345173
-344988
-344937
-344887
-344851
-344338
-344254
-343535
-342737
-342457
-342323
-342045
-341956
-341858
-341855
-341855
-341578
-341537
-341493
-341081
-341061
-340853
-340827
-340823
-340711
-340612
-340487
-340194
-339996
-339977
-338866
-338738
-337968
-337607
-337579
-337280
-337196
-337101
-336916
-336869
-336843
-336672
-336557
-336209
-336187
-335402
-335388
-335128
-334513
-334497
-334255
-333892
-333729
-333692
-333233
-333008
-332986
-332880
-332773
-332772
-332607
-332347
-332055
-332044
-332033
-331649
-331543
-331283
-331251
-331197
-330740
-330715
-330647
-330507
-328908
-328855
-328514
-328014
-327917
-327912
-327748
-327656
-327523
-327519
-327372
-327246
-327150
-326880
-326693
-326284
-326140
-326129
-326027
-325675
-325621
-325585
-325347
-325312
-325003
-324936
-324915
-324556
-324082
-323667
-323570
-323175
-323104
-323002
-322602
-322430
-322405
-322272
-322109
-322080
-322058
-321717
-321196
-321129
-320927
-320762
-320759
-320057
-320017
-319953
-319924
-319831
-319556
-319228
-319223
-319186
-318814
-318689
-318366
-318199
-317395
-316406
-315951
-315800
-315794
-315491
-315322
-315138
-314926
-314915
-314876
-314770
-314731
-314704
-314093
-314017
-313786
-313714
-313686
-313622
-313597
-313507
-313461
-313203
-312842
-311884
-311443
-311246
-310556
-310323
-310238
-310139
-309689
-309492
-309346
-309314
-309310
-309282
-308981
-308799
-307803
-307717
-307428
-307320
-307181
-307009
-306844
-306758
-305950
-305780
-305722
-305640
-305551
-305520
-304838
-304747
-304728
-304151
-304028
-303810
-303628
-303499
-303456
-303424
-303356
-303322
-303258
-303171
-303089
-302920
-302754
-302645
-302320
-301824
-301701
-301601
-301564
-301141
-301111
-300990
-300836
-300723
-300716
-300685
-300672
-299930
-299918
-299879
-299860
-299634
-298888
-298702
-298112
-297852
-297750
-297595
-297536
-297062
-297038
-296852
-296392
-296286
-296270
-296128
-295985
-295668
-295605
-295212
-294802
-293515
-293058
-293008
-292865
-292549
-292460
-292094
-291521
-291477
-291474
-291131
-290886
-290725
-290095
-289930
-289717
-289305
-289136
-288962
-288686
-288355
-288164
-288138
-287859
-287747
-286914
-286320
-286064
-285929
-285906
-285787
-285577
-285217
-285199
-285160
-284682
-284667
-284498
-284343
-284309
-284152
-283962
-283907
-283855
-283285
-283243
-283224
-283080
-283075
-282850
-282581
-282545
-282340
-282265
-282222
-282176
-282146
-281874
-281736
-281568
-281435
-280831
-280649
-280486
-280303
-280062
-279857
-279815
-279700
-279533
-279513
-279265
-279159
-279082
-278854
-278744
-278467
-278443
-278256
-278158
-278014
-277937
-277749
-277477
-277265
-277046
-276987
-276987
-276712
-276520
-276459
-276406
-275951
-275507
-274913
-274530
-274380
-274329
-274175
-274145
-274132
-273904
-273381
-273112
-272778
-272574
-272538
-272506
-272428
-272388
-272195
-271957
-271948
-271828
-271722
-271186
-271071
-270697
-270671
-270655
-270418
-270183
-270069
-269844
-269791
-269445
-269443
-269178
-269034
-268733
-268626
-268412
-268019
-267890
-267887
-267263
-267167
-266841
-266805
-266721
-266473
-266393
-266333
-266127
-266061
-265764
-265733
-265570
-265383
-264943
-264794
-264758
-264665
-264663
-264504
-264387
-264191
-264144
-264122
-264082
-263747
-263323
-263310
-263092
-262945
-262734
-262515
-262500
-262080
-261389
-261353
-260942
-260716
-260339
-259944
-259833
-259636
-259610
-259342
-259132
-258606
-258517
-258501
-257941
-257701
-257272
-256970
-256651
-256230
-256173
-256030
-255909
-255881
-255752
-255697
-255507
-255324
-255261
-255085
-254746
-254608
-254554
-254465
-254406
-254328
-254306
-253854
-253671
-253038
-252768
-252728
-252647
-252417
-252406
-252405
-252357
-252328
-252218
-252107
-251888
-251511
-251359
-251220
-251187
-251184
-251112
-251079
-250069
-249459
-249110
-248799
-248744
-248652
-248640
-248389
-248234
-248181
-248092
-247997
-247665
-247529
-247451
-247217
-246917
-246393
-246288
-246279
-246257
-246082
-245927
-244742
-244636
-244560
-244557
-244049
-243563
-243418
-243381
-242821
-242779
-242698
-242483
-242167
-241936
-241833
-241567
-241534
-241518
-241280
-241248
-240949
-240813
-240756
-240581
-240415
-240280
-240218
-239377
-239090
-239012
-238982
-238969
-238922
-238918
-238837
-238592
-238579
-238529
-238478
-238045
-237601
-237512
-236366
-236244
-236152
-235984
-235948
-235737
-235571
-235135
-234893
-234618
-234149
-234061
-233964
-233772
-233750
-233039
-232919
-232341
-232313
-232199
-231951
-231886
-231105
-231066
-231007
-230547
-229813
-229422
-229286
-229176
-228985
-228541
-228470
-228249
-227767
-227512
-227454
-227385
-227105
-226836
-226824
-226509
-225953
-225941
-225910
-225721
-225711
-225200
-224476
-224047
-223938
-223779
-223460
-223091
-223066
-222964
-222743
-222693
-222670
-222601
-222484
-222442
-222328
-222185
-221954
-221883
-221465
-221377
-220767
-220394
-220264
-219912
-219836
-219328
-219068
-218941
-218902
-218830
-218692
-218609
-218596
-218389
-218112
-217859
-217586
-217283
-216964
-216784
-216392
-216376
-216018
-215925
-215884
-215667
-215060
-215058
-215016
-214701
-214513
-214311
-214226
-214213
-213723
-213357
-213130
-213008
-212680
-212658
-212641
-212588
-212248
-212244
-211944
-211868
-211463
-210690
-210536
-210397
-210086
-210009
-209984
-209277
-208954
-208739
-208711
-208387
-208192
-208112
-208033
-207941
-207847
-207598
-207422
-207389
-206703
-206580
-206262
-205636
-205588
-205506
-205301
-205136
-204797
-204475
-204202
-204087
-203898
-203887
-203402
-203364
-203222
-202555
-202260
-202192
-202189
-202072
-201824
-201734
-201646
-201519
-201001
-200969
-200753
-200546
-200486
-200180
-200033
-199747
-199320
-199224
-198503
-198387
-198157
-197948
-197875
-197240
-197238
-197089
-196766
-196368
-196269
-196256
-196094
-195573
-195019
-194971
-194849
-194391
-194153
-193725
-193469
-193368
-192921
-192506
-192165
-191726
-190864
-190757
-190720
-190353
-189723
-189575
-189046
-188781
-188632
-188611
-188581
-188260
-188101
-187921
-187489
-186872
-186843
-186841
-186823
-186715
-186642
-186428
-186373
-186160
-185889
-185345
-185072
-184994
-184916
-183892
-183870
-183800
-183721
-183280
-183259
-183250
-183193
-182986
-182805
-182545
-181848
-181749
-181567
-181563
-181157
-181039
-180788
-180578
-180374
-180150
-179844
-179677
-179471
-179348
-179137
-178864
-178520
-178463
-178372
-178172
-178134
-177935
-177791
-177707
-177534
-177366
-177202
-177067
-177047
-176929
-176900
-176890
-176745
-176696
-176667
-176655
-175988
-175858
-175141
-174942
-174873
-174732
-174446
-174132
-173992
-173965
-173785
-172700
-172489
-172295
-171704
-171673
-171425
-170977
-170915
-170824
-170592
-170448
-170038
-169852
-169445
-169356
-169240
-169200
-168939
-168852
-168708
-168296
-168277
-168087
-168007
-167932
-167734
-167307
-167200
-166530
-166519
-166498
-166239
-166149
-165442
-164990
-164541
-164102
-163780
-163631
-163515
-163423
-163038
-162904
-162558
-162437
-162284
-162104
-161884
-161715
-161570
-161471
-161310
-161303
-161251
-161028
-161001
-160741
-160643
-160547
-160370
-160145
-159652
-159570
-159544
-159208
-159118
-159098
-158906
-158772
-158758
-158467
-158269
-158249
-158160
-157967
-157952
-157543
-157453
-157448
-157132
-155800
-155309
-154976
-154922
-154859
-154820
-154757
-154637
-154468
-154366
-153925
-153050
-152968
-152947
-152546
-152494
-152194
-152071
-151900
-151017
-150942
-150922
-150871
-150444
-150137
-150015
-149823
-149716
-149259
-149237
-149202
-148900
-148725
-148621
-148559
-148490
-148265
-148247
-148115
-148100
-148083
-148058
-147339
-147190
-147098
-146766
-146750
-146685
-146513
-146367
-145754
-145690
-145663
-145660
-145093
-144992
-144862
-144646
-144560
-144386
-144019
-144013
-143605
-143595
-143227
-143172
-143102
-143053
-143052
-142878
-142846
-142396
-142056
-141586
-141446
-140679
-140557
-140283
-140027
-139927
-139873
-139861
-139789
-139580
-139436
-139196
-139185
-139068
-139036
-138640
-138537
-138515
-138434
-138344
-138324
-138201
-138013
-137912
-137871
-137307
-137082
-136980
-136492
-135976
-135677
-135507
-135374
-135240
-135147
-134994
-134423
-133639
-132695
-132105
-131747
-131745
-131666
-131544
-131470
-131377
-131037
-130803
-130706
-130469
-130245
-130234
-129712
-129395
-129313
-129159
-129035
-128879
-128862
-128417
-127988
-127922
-127746
-127524
-127292
-127162
-127151
-127041
-126967
-126897
-126614
-126265
-126048
-125747
-125517
-125166
-125052
-124798
-124564
-124261
-124173
-124054
-123901
-123680
-123432
-123416
-123160
-123023
-122726
-122715
-122638
-122518
-122191
-122118
-122075
-121685
-121522
-121308
-121065
-120983
-120709
-120639
-120506
-120453
-120235
-120140
-120079
-119554
-119455
-118309
-118146
-118007
-117659
-117656
-117579
-117141
-116862
-116501
-116399
-116389
-116353
-116313
-116230
-116172
-116103
-115877
-115667
-114964
-114924
-114671
-114604
-114268
-114266
-113971
-113960
-113525
-113487
-113304
-112656
-112433
-112007
-111829
-111577
-111410
-111347
-110819
-109340
-109259
-109149
-109026
-108959
-108908
-108833
-108742
-108535
-108448
-107976
-107800
-107612
-107561
-107504
-107500
-107365
-107225
-107032
-106683
-106642
-106530
-106529
-106491
-106390
-106255
-105932
-105827
-105756
-105492
-104816
-104713
-104428
-103855
-103739
-103587
-103563
-103533
-103254
-103233
-102986
-102777
-102725
-102590
-102448
-102354
-101947
-101818
-101720
-101664
-101516
-101475
-101310
-101110
-100836
-100732
-100575
-100351
-100185
-100113
-99949
-99718
-99710
-99546
-99511
-99453
-99306
-98866
-98795
-98596
-98575
-98252
-98001
-97533
-97399
-97275
-97205
-97094
-96986
-96540
-96497
-96433
-96356
-96337
-96320
-96236
-96234
-96122
-95998
-95694
-95599
-95385
-95334
-95083
-94403
-94348
-94273
-94076
-93634
-93551
-93440
-92876
-92662
-92610
-92245
-92181
-91677
-91667
-91578
-91160
-90887
-90828
-90369
-89758
-89695
-89093
-88870
-88767
-88508
-88494
-88091
-88016
-87939
-87925
-87413
-87399
-87380
-87107
-86915
-86778
-86621
-86596
-86390
-86378
-86271
-86188
-85428
-84725
-84499
-84320
-84295
-84286
-83981
-83885
-83855
-83849
-83470
-83276
-83065
-82854
-82523
-82359
-82234
-81828
-81286
-81284
-81199
-81185
-81049
-80941
-80929
-80884
-80785
-80602
-79749
-79605
-79556
-79532
-79511
-79192
-79162
-78381
-78175
-77870
-77800
-77618
-77538
-77331
-76931
-76840
-76742
-76602
-76070
-76068
-75926
-75839
-75827
-75776
-75670
-75571
-75568
-75297
-74971
-74950
-74652
-74650
-73882
-73855
-73759
-73433
-73430
-73300
-73214
-72386
-72312
-72310
-72060
-71994
-71893
-71762
-71750
-71427
-71169
-71091
-70801
-70539
-70417
-70399
-70375
-70364
-70270
-70226
-70142
-70088
-70046
-69946
-69545
-69537
-69364
-69311
-69261
-68844
-68804
-68749
-68351
-67845
-67630
-67617
-67238
-67035
-66997
-66978
-66898
-66706
-66486
-66452
-66401
-65852
-65178
-64412
-64231
-63935
-63893
-63391
-63238
-63052
-63041
-62733
-62209
-61768
-61753
-61508
-61117
-61044
-60953
-60535
-60060
-60026
-59949
-59786
-59754
-59613
-59350
-59170
-59107
-58754
-58727
-58462
-58419
-58027
-57987
-57970
-57428
-57370
-57357
-57239
-57125
-57120
-57075
-57014
-57005
-56885
-56855
-56816
-56816
-56674
-56450
-56450
-56447
-55935
-55680
-55382
-55062
-54771
-54629
-54552
-54506
-54140
-53905
-53848
-53753
-53415
-53373
-53194
-53057
-52784
-52712
-52582
-52435
-52309
-52005
-51713
-51543
-51525
-51085
-51046
-50800
-50513
-50204
-49907
-49614
-49607
-49490
-49464
-49402
-48993
-48728
-48549
-48300
-48043
-47949
-47873
-47274
-47124
-46860
-46213
-46099
-45835
-45755
-45564
-45562
-45356
-45341
-45234
-44846
-44840
-44778
-44626
-44556
-44436
-44369
-44279
-44049
-43619
-43484
-43425
-43266
-43140
-43002
-42129
-41884
-41838
-41564
-40842
-40805
-40718
-40394
-40341
-40303
-40115
-40068
-40041
-40011
-39895
-39685
-39683
-39395
-39249
-39171
-39140
-38980
-38874
-38465
-38397
-38327
-37849
-37347
-37278
-37172
-37086
-36664
-36011
-35964
-35643
-35566
-35458
-35215
-35196
-35100
-35078
-35073
-35060
-35057
-35025
-34962
-34805
-34731
-34673
-34380
-34147
-33988
-33356
-33332
-33165
-33093
-32936
-32845
-32833
-32707
-32248
-32186
-31969
-31656
-30928
-30861
-30618
-30466
-30399
-29729
-29440
-29404
-29341
-29106
-28819
-28334
-28246
-28232
-28223
-28053
-27784
-27517
-27502
-26689
-26309
-25856
-25845
-25828
-25812
-25792
-25729
-25691
-25326
-25253
-25124
-25026
-24702
-24675
-24204
-24047
-23899
-23892
-23581
-23494
-23420
-23340
-23169
-22970
-22818
-22771
-22418
-22264
-22212
-21909
-20711
-20570
-19853
-19586
-19391
-19383
-18759
-18636
-18625
-18561
-18498
-17808
-17802
-17716
-17674
-16934
-16311
-16175
-16106
-15681
-15662
-15632
-15595
-14994
-14982
-14878
-14649
-14382
-14243
-13993
-13960
-13701
-13603
-13477
-13327
-13111
-13051
-12713
-12708
-12610
-12522
-12288
-12235
-12176
-12066
-11995
-11521
-11508
-11449
-11382
-11049
-10806
-10763
-10718
-9973
-9426
-9081
-8927
-8805
-8721
-8547
-8492
-8304
-7817
-7437
-7324
-6528
-6295
-6195
-6176
-6073
-5921
-5572
-4980
-4967
-4605
-4545
-3889
-3878
-3506
-3429
-2994
-2620
-2603
-2401
-2362
-2215
-1919
-1867
-1850
-1702
-1381
-1304
-1297
-1176
-375
-367
-239
-139
-71
277
805
1403
1709
1876
2288
2323
2605
2691
2781
2927
3268
3285
3341
3494
3501
3517
3569
3657
3732
4054
4060
4063
4077
4267
4487
4550
4600
4742
4805
4941
5209
5401
5487
5769
6000
6187
6215
6722
7063
7151
7246
7697
7797
8029
8218
8333
8485
8493
8530
9044
9464
9775
9837
9846
9876
9944
10087
10226
10587
10668
10819
10825
10873
10899
11426
11481
11511
11600
11721
11874
12023
12710
13011
13627
13898
13942
14244
14882
15472
15603
16641
16747
16946
16953
17009
17332
17648
17955
18051
18182
18326
18518
18554
18792
19129
19499
19525
19736
19943
20288
20551
21142
21144
21171
21176
21542
21767
21831
22361
22425
22545
22771
23153
23345
23494
23494
23505
23823
25062
25144
25215
25425
25593
25791
25864
25865
26257
26372
26643
26770
26939
27329
27661
27950
27977
28774
29020
29196
29306
29558
29849
29973
29991
30176
30756
30798
30951
31143
31243
31306
31433
31688
31890
32065
32149
32269
32691
32746
32785
33026
33182
33256
33513
33543
33579
33736
33739
33903
33969
34153
34472
34508
34861
35339
35829
36181
36225
36288
36338
36408
36581
36590
37058
37093
37312
37325
37558
37723
38335
38663
38897
38924
38950
39047
39746
40043
40368
40396
40458
40827
40979
41343
41380
41626
41697
41838
42282
42360
42477
42482
42567
42733
42740
43218
43286
43388
43565
43605
43744
44072
44189
44579
44668
45195
45261
45391
45610
45804
45868
45875
45970
46030
46048
46073
46418
46573
47358
47723
47866
47990
48105
48179
48664
48666
48703
48882
49271
49301
49706
49733
49753
49790
49914
50047
50805
51245
51330
51402
51566
51844
52212
52251
52262
52538
52942
52987
53360
53671
53754
53887
53966
54084
54481
54517
54539
54880
55014
55072
55110
55188
55510
55960
56318
56379
56481
56581
57088
57233
57245
57559
57588
57709
57781
58373
58585
58679
58967
59541
59910
59915
60053
60344
60458
60473
61064
61388
61396
61440
61710
62102
62322
62407
62435
62618
63879
63887
63913
64034
64373
64489
64768
65009
65051
65065
65070
65109
65209
65272
65331
65494
65518
65720
65834
66096
66413
66799
66949
67237
67377
67410
67429
67720
67919
68179
68679
68901
69023
69204
69206
69241
69327
69399
69406
69436
69483
69566
69745
69945
70121
70219
70372
70522
70906
71005
71149
71422
71626
71700
71730
72102
72697
72744
72817
72896
72964
73400
73967
74073
74135
74226
74314
74376
74518
74583
74614
74632
74731
75236
75286
75309
75598
75868
76016
76035
76569
76648
76891
76947
77285
77493
77548
78080
78087
78192
78231
78559
78594
78751
78971
79272
79332
79474
79667
79877
79958
80628
80887
81032
81059
81097
81416
81429
81607
81666
81751
82117
82750
83119
83330
83759
83909
84076
84143
84180
84307
84368
84419
84429
84448
84726
84747
84834
84880
85210
85396
85449
85480
85660
85928
86100
86124
86460
86543
86598
86651
86993
87156
87692
87974
88010
88036
88136
88372
88604
88808
88864
88882
88973
89013
89079
89358
89404
89506
89861
89961
90022
90106
90290
90368
90701
90752
91334
91349
91526
91639
91673
91903
92026
92603
92870
92969
93294
93523
93640
94126
94182
94673
94838
94900
94920
95055
95706
95718
95848
96048
96121
96485
96831
96950
97209
97332
97336
97685
97739
97780
98326
98385
98529
98818
99162
99328
99489
99619
99626
99991
100598
100774
101026
101291
101466
101526
101956
102261
102407
102536
102603
102916
103045
103154
103171
103172
103193
103894
104022
104148
104197
104340
104822
104991
105026
105093
105105
105315
105525
105583
105605
105995
106060
106134
106267
106421
106600
106675
106705
106971
107645
107844
107953
109229
109432
109657
110286
110326
110378
110999
111405
111556
111556
111677
111796
112002
112337
112428
112551
112571
112746
113082
113504
113662
113706
113884
114681
114733
114787
115146
115601
115728
115884
116347
116531
117408
117421
117440
117549
117709
118265
118392
119341
119343
119416
119467
119864
119868
120070
120151
120265
120437
120498
120542
120939
121565
122116
122513
122736
122750
122753
122984
123427
123583
123924
123981
124188
124224
124430
124433
124502
124648
124723
124897
125048
125138
125194
125689
126293
126310
127290
127312
127336
127361
127577
127702
127742
127784
128460
128514
128901
129202
129287
129423
129441
129904
130136
130145
130253
130471
130695
130854
130858
130970
131044
131250
131529
131736
132038
132098
132201
132306
132346
132435
132642
132990
133685
133895
134171
134690
134916
135122
135279
135582
135585
136715
136974
136986
137197
137239
137299
137670
137941
137992
138043
138391
138747
139029
139342
139777
140103
140191
140476
140596
140692
141148
141480
141796
141802
142313
142772
143195
143606
143619
143939
144172
144202
144269
144725
145042
145044
145511
146104
146429
146755
146800
146842
146984
147223
147365
147500
147576
148412
148423
148673
149011
149028
149742
149770
150056
150070
150553
150714
150782
150849
150985
151366
151619
151697
152251
152504
153037
153397
153769
154109
154350
154507
154529
154719
154992
155157
155486
155527
155675
155695
155723
155799
155880
156007
156011
156240
156514
157190
157306
157422
157782
157846
158311
158451
158583
158857
158867
158886
159143
159237
159565
159793
159982
160079
160196
160392
160513
160531
160650
160847
160886
161360
161497
161550
161574
161588
161834
161887
161976
162078
162315
162451
162906
163209
163234
163541
163824
164158
164364
164549
164927
165248
165363
165455
166029
166310
166311
167250
167697
167957
168300
168558
168664
168766
168984
170924
170932
171017
171075
171278
171313
171350
171664
171717
171757
171903
172148
172176
172185
172360
172722
172755
172859
172893
173390
173408
173699
173723
174576
174671
175366
175483
175589
175803
175834
175942
176029
176244
176432
176457
176473
176482
176616
176881
176968
177093
177633
177727
177911
177923
178258
178679
179058
179265
179267
179317
179412
179644
179682
179779
179847
179897
180137
180658
180752
180772
180785
180967
181017
181125
181435
181484
181699
182112
182122
182576
182663
182929
183185
183455
184419
184663
184926
185053
185217
185390
185438
185946
186003
186116
186291
186337
187041
187262
187541
188024
188256
188280
188326
189009
189103
189529
189656
190210
190408
190500
190556
190880
190977
191246
191463
191573
191687
191746
192031
192314
192405
192510
192797
192886
193058
193449
193560
193674
193680
193682
194180
194224
194228
194727
194734
195322
195777
195938
196087
197011
197098
197107
197812
197850
197883
198107
198210
198438
198644
198721
198734
199024
199032
199132
199173
199505
200222
200342
200404
200798
201420
201465
201940
201992
202168
202604
202614
202652
203062
203175
203257
203474
203485
203706
203841
203941
203943
204336
204346
204698
204748
204788
204928
205164
205814
205896
205966
206018
206698
206799
207155
207248
207738
207876
207974
208273
208497
208629
208637
209431
209667
209999
210226
210240
210369
210412
210570
210896
211110
212278
212440
212496
212529
212741
212865
212998
213017
213096
213129
213496
213558
213749
213849
213976
214088
214444
214546
214616
214810
215031
215049
215878
215886
216135
216220
216806
217124
217656
217828
217956
218019
218449
218467
218484
219094
219561
219880
220048
220054
220065
220157
220896
221217
221413
221472
221601
222009
222055
222185
222300
222315
222536
223030
223582
223755
223967
224078
224208
224364
224486
224633
224836
225153
225423
225461
225660
225667
225729
226491
226668
227054
227345
227779
227808
227816
227910
227921
228620
228632
228848
228898
228998
229077
229425
229864
230036
230103
230129
230361
230457
230588
230799
231083
231134
231174
231222
231478
231847
231890
232061
232446
233268
233637
233767
233937
234125
234296
234472
234495
235196
235423
235891
236045
236373
236532
236797
236867
237168
237188
237270
237954
237983
238192
238280
238526
238536
238692
238981
239043
239049
239123
239546
239729
239954
240103
240358
240942
241026
241431
241560
242709
243062
243076
243084
243110
243645
243822
243872
243874
244046
244481
244677
244730
244943
245347
245401
245581
245750
245803
246021
246772
246873
246901
247112
247367
247604
247641
247667
247749
247834
247910
248014
248823
249543
250155
250357
250444
250546
250611
250687
250851
251340
251544
251613
251694
252236
252658
253060
253259
253708
253857
253969
254010
254208
254210
254310
254319
254415
254542
254559
254859
254908
255063
255512
255568
255923
256041
256097
256395
256510
256640
256841
257222
257788
257991
258074
258389
258430
258437
258467
258947
258957
259002
259151
259203
259559
259707
259860
259907
259918
260196
260236
260251
260366
260435
260476
260581
260679
260758
260853
260859
261642
261774
261981
262062
262080
262182
262184
262388
262864
262992
263147
263213
263637
263771
263950
263970
264033
264127
264217
264258
264978
265490
265657
265774
266071
266079
266151
266332
266495
266776
266935
266971
267011
267399
267727
267883
268199
268247
268475
268719
268778
268973
269336
269383
269611
269723
270247
270618
270625
270739
270757
270953
271179
271279
271373
271546
271548
271588
271700
272174
272458
272867
273042
273059
273069
273422
273457
273708
273901
274153
274159
274196
274398
274556
274766
274896
275114
275318
275337
275757
275881
275902
275973
276529
276620
276655
276866
276996
277287
277302
277602
277920
278386
278414
278524
278666
278740
278893
279002
279047
279237
279624
279670
279888
279939
280016
280342
280458
280469
280512
280714
280904
281035
281180
281374
281418
281501
281854
282132
282380
282650
282802
283048
283184
283314
283412
283521
283785
283965
284051
284120
284446
284507
284586
284600
284635
284764
285101
285130
285650
285830
286030
286141
286359
286429
286498
286699
286938
287100
287133
287194
287604
287635
287651
287892
287992
288024
288072
288197
288345
288364
288994
289140
289160
289417
289623
289795
290217
290232
290731
290865
291023
291162
291224
291416
291439
291448
291630
291667
291690
291741
292154
292226
292349
292477
292491
292655
292675
292816
292905
293333
293452
293794
293874
293967
294037
294206
294710
294999
295178
295592
296295
297481
297499
297586
297603
297767
297870
298130
298144
298390
298601
299003
299249
299339
299389
299605
299746
299851
299880
300472
300738
300807
300971
301099
301260
301263
301620
301743
301743
301917
301929
302789
303016
303065
303374
303608
303674
303741
303993
304177
304283
304558
304974
305051
305083
305098
305485
305695
305907
305957
305998
306419
306524
306684
306684
306716
307072
307325
307361
307597
307893
308216
308226
308534
309091
309255
309732
309975
310065
310462
310478
310585
310984
311139
311474
311624
312019
312030
312037
312338
312565
312752
312870
313005
313094
313183
313282
313598
313715
313801
314048
314380
314471
314521
314576
314696
314838
315169
315176
315863
315960
316015
316064
316198
316700
316952
317016
317140
317141
317500
318212
318833
319275
319324
319432
319540
319609
319696
320440
320505
320695
321087
321124
321330
321539
321563
321828
321878
321931
323037
323455
323882
324439
324647
325298
325761
325925
325939
326280
326902
326903
326944
327077
327638
327700
327893
328039
328179
329038
329125
329128
329208
329488
329535
329746
329819
330106
330405
330497
330903
330927
331097
331382
331840
332094
332207
332759
333087
333232
333443
333705
333792
334330
334657
334821
335055
335072
335296
335467
336117
336461
337018
337112
337397
337398
337906
338225
338847
339131
339331
339418
339956
340112
340123
340406
340530
340593
340606
340805
340853
340861
341012
341420
341782
341837
342086
342260
342735
342930
342964
343135
343228
343558
343671
343743
343898
343927
344106
344331
344728
344989
345228
345353
345740
345798
345942
345982
346570
346646
346945
347110
347515
348023
348172
348231
348233
348316
348370
348958
349179
349211
349496
349662
349715
350221
350545
350682
350863
351112
351125
351281
351319
351382
351715
351849
352025
352165
352214
352336
352743
352822
352877
353252
353385
353570
353582
353693
353704
353706
353730
353752
354026
354536
355014
355179
355459
355478
355526
355591
356187
356470
356703
356718
356929
357018
357153
357160
357373
357690
358231
358347
358430
358670
358702
359057
359306
359340
359514
359731
359897
359944
360452
360516
360680
360962
361010
361334
361911
361932
362254
362299
362319
362427
362646
363071
363338
363772
363918
363920
364057
364426
364706
364974
365100
365200
365549
365713
365761
366036
366310
366699
366821
366945
366962
367115
367415
367571
367852
367951
367983
368186
368293
368540
368636
368725
368944
369015
369246
369597
369645
369712
369731
370181
370219
370614
370703
370711
370730
370810
371085
371333
371384
371458
371820
371854
371900
371989
372078
372265
372276
372468
372502
373200
373349
373421
373644
373839
373918
373937
373959
374293
374342
374484
374943
375545
375593
375775
375819
376253
376545
376553
376614
376664
377595
377819
377969
378070
378461
378517
378549
378681
379046
379413
379428
379505
379726
379728
379776
380010
380011
380016
380206
380278
380369
380579
380722
380847
381002
381216
381965
382722
383073
383204
383235
383345
383891
383991
384028
384053
384637
384650
384746
384754
384964
385674
385876
386022
386224
386314
386324
386740
386767
386856
386920
387080
387442
387789
387909
387922
387988
388050
388126
388456
388507
389503
389527
389823
390013
390215
390269
390303
390344
390441
390690
391063
391097
391195
391508
391621
391627
392126
392410
392623
392638
392655
393094
393134
393454
393658
393973
394698
394857
394962
395017
395558
395675
395891
396005
396047
396350
396430
396541
396967
396994
397355
397452
397497
397677
397917
398080
398224
398794
398800
398850
399022
399062
399219
399284
399892
400103
400186
400239
400375
400388
400907
401509
402100
402270
402691
403006
403819
403994
404163
404294
404535
404672
404694
404748
404804
405054
405160
405217
405352
405442
406257
406466
406499
406875
406877
407257
407320
407344
407694
408202
408375
408468
408929
409230
409459
409652
410019
410068
410128
410490
411273
411331
411843
411943
412130
412207
412571
412763
412853
412979
413164
413232
413356
413624
414273
414518
414916
414952
415027
415033
415109
415377
415407
415443
415530
415536
415820
416006
416413
416628
416754
416874
416948
417033
417233
417904
417968
418085
418389
418532
418784
418908
419082
419216
419429
419496
419602
420441
420473
421232
421389
421603
421623
421642
421847
422210
422502
422780
423146
423212
423449
423450
423815
423904
423925
424063
424301
424734
424754
424808
424819
424831
425364
425676
426308
426593
426788
426841
427047
427326
427426
427448
427682
427756
427850
428151
428494
428862
428915
429131
429578
429662
430161
430163
430285
430392
430393
430515
430796
431075
431286
431514
431767
432207
432318
432333
432352
432372
432625
432720
432816
433265
433267
433636
434110
434113
434291
434418
434675
434877
434995
435360
435429
435538
435598
436073
436133
436231
436968
437373
437426
437490
437502
437689
437827
438060
438179
438460
438470
438706
438726
438772
438917
439446
439526
440557
440725
440729
440840
441089
441295
441588
441652
441876
442163
442998
443700
443711
443726
443876
443899
444100
444371
444712
445005
445087
445415
445489
445525
445689
445930
445969
446269
446325
446388
446473
446558
446712
446736
446742
446901
447045
447221
447337
447762
448297
448413
448489
448508
448639
448694
448966
449030
449108
449370
449726
449993
450111
450331
450401
450747
451286
451825
452042
452264
452278
452353
452384
452555
452940
452990
453017
453271
453311
453432
453543
453752
453832
453992
454017
454569
454713
454724
454793
454806
455041
455106
455107
455267
455378
455420
455612
455665
455683
455775
456046
456157
456229
456582
456604
456795
456958
457401
457610
457620
457657
458026
458687
459052
459199
459361
459407
459412
459708
459970
460205
460784
461075
461086
461157
461210
461942
462496
462510
462688
462741
462764
463077
463152
463344
463460
463512
463775
463856
463954
464010
464031
464118
464254
464438
464480
464690
465141
465244
465530
465548
465576
465633
465773
465831
466542
466859
466967
467408
467513
467583
467861
468381
468784
468789
468803
469061
469508
469738
470086
470705
471187
471310
471445
471781
472012
472788
472893
473292
473368
473483
473713
474241
474261
474506
474634
474839
475252
475494
475568
475855
475915
476446
476458
477021
477074
477093
477222
477704
478351
478553
478581
478582
478862
478888
479165
479607
480032
480072
480146
480153
480383
480625
480820
481056
481087
481237
481451
481484
482522
482890
483546
483702
483816
483919
484189
484521
484538
484800
484838
485111
485155
485313
485365
485405
485643
485719
485736
486223
486413
486650
486967
487036
487049
487378
487736
487841
487850
487989
488020
488068
488168
488341
488440
488726
488822
488912
489698
489981
490256
490285
490538
490561
490729
490852
490901
490948
491261
491296
491453
491578
491620
491963
492105
492125
492443
492697
492703
493530
493782
494151
494205
494277
494331
494426
494631
494666
494716
494849
495702
495945
496012
496319
496358
496399
496630
496635
496733
496793
496847
496956
497433
497542
497724
497960
498018
498193
498257
498273
498289
498719
498729
498851
498894
499261
499285
499597
499625
499995
500053
500192
500285
500324
500860
500943
501209
501705
501829
502076
502146
502151
502169
502310
502337
502461
502516
502652
503251
503712
503841
504154
504181
504330
504480
504626
504889
505015
505157
505350
505544
505699
505717
505883
506027
506166
506599
506752
506760
506777
507073
507603
507672
507712
507866
508138
508445
508497
508650
508982
510006
510068
510661
510740
510961
511411
511616
512109
512249
512509
513065
513286
513631
514000
514036
514146
514266
514721
515191
515313
515314
515348
515527
515581
515629
516126
516336
516702
516905
517331
517851
517905
518067
518187
518464
519570
520411
520503
520573
520913
521598
522028
522398
522586
522587
523102
523221
523325
523558
523737
523850
523865
525334
525390
525427
525546
525627
525712
525912
526018
526244
526464
526495
526635
526805
526891
526901
527230
527579
527635
528152
528211
528496
528529
529288
529293
529729
529788
529868
530118
530215
530307
530322
530419
530500
530782
531058
531660
531827
532147
533156
533316
533636
533661
533896
534061
534070
534367
534614
534648
534740
534746
534752
534883
534910
534927
535297
535351
535511
535835
535935
536079
536483
536589
536798
536843
536972
537100
537273
537302
537381
537652
537992
538030
538186
538824
539107
539511
539777
540375
540539
540544
540636
540675
540767
541001
541020
541072
541246
541547
541619
542042
542086
542341
542375
542488
542510
542519
542828
542991
543186
543203
543254
543327
543337
543519
543601
543667
543968
544036
544178
544455
544630
544636
544770
544809
544856
545098
545537
545544
545990
546055
546088
546373
547136
547329
547407
547421
547627
547736
547836
547942
548656
548886
549011
549575
549859
550130
550166
551164
551515
551554
551775
552119
552367
552601
552652
552706
552870
553211
553233
553254
553337
553399
553520
553867
554066
554074
554146
554161
554309
554351
554420
555088
555313
555445
555565
555593
555758
555809
555874
555986
556825
556905
556929
557552
557599
557700
558202
558295
558388
558471
558488
558673
558848
559070
559316
559470
559793
559871
559897
560012
560100
560360
560463
560480
560542
560682
560801
560830
561119
561194
561551
561562
561612
561869
561920
562020
562322
562781
562895
563514
563515
563954
564339
564393
564612
565218
565281
565346
565349
565676
565745
566070
566504
566760
566908
566922
567109
567372
567381
567420
567569
568027
568084
568440
568639
568640
568803
569086
569249
569346
569399
569676
570022
570210
570253
570493
570555
570860
571495
571582
571645
571864
572216
572359
572689
572838
572872
573020
573155
573269
573513
573918
574386
574782
575490
575886
575933
576114
576127
576406
576613
576627
576664
576691
576722
576995
577191
577542
577580
577676
578263
578307
578491
578592
578747
578758
578967
578983
579013
579783
579815
579912
580053
581272
581315
581455
581501
581526
581876
582087
582134
582134
582386
582387
582837
582911
583147
583251
583505
583716
583900
585063
585262
585511
585532
585586
585721
585757
585937
586077
586198
586430
586590
586612
586902
586937
587139
587225
587514
587633
587646
587775
587870
587907
588152
588551
588775
588830
588858
589144
590063
590873
591550
591750
591784
591853
591952
592047
592287
592625
592703
592871
593005
593013
593162
593534
593636
593821
594330
594382
594528
594582
594630
594733
595097
595330
595470
595836
596010
596153
596170
597407
597458
597907
598723
598839
599078
599610
599978
599995
600005
600012
600132
600403
600442
600606
600647
600674
600829
600962
600964
601515
601620
601714
602103
602176
602412
602460
602714
602839
602872
603218
603246
603366
603448
603452
603614
603781
603815
604033
604390
604629
604690
604699
605769
605788
605945
606187
606333
606510
606569
606576
606793
606854
606971
607608
607872
607993
608609
608867
609008
609157
609285
609352
609602
609647
609668
609857
610129
610132
610257
610263
610690
610879
611477
611701
612101
612291
612310
612343
612420
612473
612582
612722
612854
612935
613804
613825
614016
614556
614775
615086
615113
615275
615279
615490
615633
615703
616161
616222
616504
616734
617366
617501
617543
617713
617764
617773
617786
617787
617788
617862
617978
618401
618513
618545
618736
619156
619471
619594
619608
619765
620271
620420
620864
620883
620888
621104
621197
621247
621418
621769
621882
621979
622104
622144
622354
622374
622816
623027
623236
623814
623834
623892
624142
624225
624856
625053
625203
625932
626009
626679
626772
626861
626976
627154
627211
627752
628229
628371
628558
628755
629126
629401
629864
629932
630031
630317
630341
630445
630719
630925
631398
631441
631456
631498
631537
631818
631831
631897
632119
632142
632199
632364
632564
632999
633633
633638
633821
633963
634134
634816
634842
634996
635336
635397
635919
636041
636162
636184
636506
636577
636804
636926
636956
636971
637123
637404
637481
637912
637969
638017
638508
638862
639045
639079
639212
639229
639365
639777
639828
640365
640383
640536
640867
640889
641317
641543
641689
641713
641750
641832
642128
642577
642642
642650
642682
643029
643120
643368
643933
644418
644946
645120
645206
645552
645682
645833
646186
646264
647060
647332
647690
647898
648066
648205
648580
648749
648820
648834
648944
649077
649559
649646
649666
649907
650038
650047
650394
650586
650737
650818
650875
650912
651112
651451
651654
651667
651786
652015
652449
652687
653222
653380
653555
654065
654287
654563
655254
655472
655522
655633
655706
655990
656734
656863
657233
657377
658233
658301
658341
658603
658696
658728
658762
659110
659176
659273
659574
660197
660630
660685
660991
661196
662050
662056
662059
662491
662621
663068
663151
663358
663665
663692
663722
663815
664001
664175
664190
664410
664806
664994
665017
665555
665571
665862
665979
666132
666285
666307
666399
666522
666664
666945
666969
667052
667116
667219
667520
667758
667832
667864
668281
668725
668756
669102
669650
669701
669827
669985
670194
670243
670859
670891
671035
671476
671828
671863
671931
672043
672098
672383
672465
672605
672687
672735
672878
672879
673017
673931
674133
674188
674207
674241
674262
674298
674529
674665
674700
675298
675564
675609
675798
675904
675959
676015
676079
676145
676248
676436
676520
676625
676953
677068
677199
677496
677744
678116
678336
678393
678924
679476
679709
679728
680083
680226
680316
680386
680470
680629
680715
680808
681158
681466
682024
682035
682046
682203
682278
682514
682729
683056
683175
683388
683441
683645
683819
683865
684214
684371
684487
685020
685132
685242
685639
685998
686225
686291
686470
686989
687093
687437
688752
689085
689135
689155
689642
689849
690016
690143
690145
690228
690442
690480
690482
690521
690662
690700
690775
691133
691263
691292
691528
691608
691850
691960
692362
692637
692691
693111
693326
693546
693716
694035
694536
694754
695040
695237
695329
695426
695536
695776
695862
696439
696731
697042
697211
697752
697849
697849
698507
698511
698610
698676
698692
698965
699187
700020
700417
700490
700496
700523
700579
700616
701479
701546
701617
701695
701731
702266
702548
702636
702833
702867
703187
703808
703839
704040
704292
704420
704591
704637
705089
705169
705237
705298
705327
706057
706179
706659
706835
707058
707253
707280
707371
707484
707556
707666
707723
707736
707767
707800
707950
708062
708259
708666
708680
708938
708970
708978
709277
709508
709516
709518
709746
709763
709949
710104
710381
710383
710569
710956
710962
710982
711052
712123
712182
712369
712761
713021
713070
713128
713495
713606
713609
713685
713700
714095
714685
714689
714957
715027
715229
715405
715471
715644
715713
715831
715961
716264
716348
716467
716549
716635
717155
717404
717527
717550
717630
717637
717803
718597
718817
719032
719050
719276
719359
719630
719639
719825
719849
720288
720373
720388
720543
720855
721081
721526
721658
722240
722241
723009
723139
723151
723375
723465
723670
724047
724182
724530
724636
724662
724714
724831
724871
725079
725228
725395
725711
726067
726085
726175
726225
726298
726346
726645
726717
726755
727350
728403
728483
728609
728619
728787
729020
729466
729512
729662
730234
730662
730752
730939
730946
731034
731335
731485
731589
731635
731849
731924
732073
732108
732183
732208
732387
733055
733138
733177
733179
733527
733577
733706
733927
734669
734701
734712
734788
734796
735025
735065
735355
735751
735895
735947
736532
736846
737044
737657
737702
737802
737952
738200
738459
738552
738981
738988
740010
740171
740234
740265
740342
740375
740548
740559
740653
740974
740996
741382
741414
741728
742073
742922
742961
743134
743342
743592
744083
744621
744834
745050
745307
745356
745368
745394
745487
745842
745881
745881
746006
746078
746092
746371
746443
746471
746731
746772
747209
747236
747533
747544
747768
748032
748093
748223
748278
748361
748566
748655
748724
748953
749246
749447
750587
750683
751762
751782
751904
752103
752168
752307
752406
752482
752501
752644
752696
752805
752810
752815
752834
753350
753538
753591
753938
754028
754131
754437
754904
755339
755340
755703
755900
755945
756053
756131
756220
756502
757174
757399
757500
757893
758261
758312
758523
759252
759373
759750
760251
760273
760325
760341
760347
760424
760531
760789
760964
760968
761071
761273
761286
761536
761641
761867
761937
762054
762173
762359
762449
762481
762531
762558
762717
762719
762834
763006
763626
763647
763957
764165
764175
764336
764389
764535
764853
764920
765201
765296
765298
765483
765764
765810
766487
766548
766623
766749
766918
767079
767419
767782
767883
767912
768185
768579
769094
769171
769261
769347
769479
769621
769767
769811
770031
770033
770040
771236
771432
771706
771831
771914
772140
772289
772334
772394
772533
772616
773125
773428
773501
773666
774121
774435
774449
774916
774980
775139
775196
775506
775584
775614
775707
776091
776148
776272
776767
777174
777183
777388
777694
777980
778220
778575
778657
778842
778884
778986
779434
779707
780051
780084
780318
780505
780837
780920
781791
781975
782084
782138
782283
782423
782698
783118
783133
783385
783849
783895
783988
783996
784193
784394
784580
784680
784812
784842
784887
785066
785224
785228
785303
785456
785481
785491
785597
785883
786081
786144
786310
786382
786460
786531
786566
787140
787702
788622
788655
788877
789197
789477
789877
789988
790072
790481
790569
790569
791548
791904
792338
792379
792540
792657
792821
793166
793498
793677
794433
794907
794911
794973
795224
795396
795989
796000
796269
796626
796747
796767
796888
797083
797498
797624
797846
797902
798339
798577
798735
798749
799708
799850
799888
799920
799929
800066
800124
800198
800365
801118
801286
801363
801453
801892
802011
802611
802675
802995
803103
803333
803379
803659
803893
803911
804180
804255
804725
804920
805341
805411
805558
805581
805592
805748
805933
806518
806568
806589
806603
806867
807098
807126
807164
807311
807825
807962
808307
808418
808542
808569
808586
808620
808695
808771
809084
809168
809288
809712
809879
810117
810229
810304
810305
810336
810764
811340
811436
811697
812177
812195
812242
812771
813016
813053
813125
813483
813495
813612
813949
814289
814440
814450
814671
814706
814837
815264
815285
815341
815355
815552
815749
816203
816231
816531
816634
816652
816662
816791
817218
817262
817378
817443
817492
817877
817887
817896
817929
818113
818835
818973
819270
819414
819481
819687
819744
819905
820093
820284
820499
820505
820875
821244
821411
822138
822381
822501
822532
822601
822641
822671
822875
822934
823029
823158
823342
823884
824078
824546
824658
825005
825081
825093
825096
825421
825581
826080
826082
826197
826227
826358
826429
826470
826505
826532
826573
826845
827540
828026
828052
828083
828292
828396
828422
828556
828695
828775
829018
829056
829058
829080
830014
830117
830168
830609
830762
830856
830891
831002
831092
831358
831611
831703
831765
831970
832274
832455
832654
832659
832665
832729
832761
832792
833016
833055
833142
833628
833652
833715
833892
833975
834280
834365
834942
835081
835098
835202
835225
835522
835805
836792
836943
837012
837193
838930
839025
839185
839512
839744
839745
839823
839987
840145
840260
840671
840929
841269
841274
841318
841334
841336
841645
841774
841939
842179
842186
842502
842897
843063
843372
843437
843648
843705
843729
844506
845080
845297
845437
845563
845953
846202
846372
846414
846830
846899
847090
847243
847363
847406
847624
847799
848343
848991
849375
849490
849643
849847
850419
850773
850832
850929
851089
851322
851525
852076
852317
852729
852998
853012
853044
853770
854250
854487
854754
855252
855252
855500
855715
855715
856632
856853
856872
856909
857085
857185
857273
857879
858018
858330
858344
858416
858527
858613
858750
858779
858863
858902
859684
859929
859951
860159
860303
860428
860935
861118
861266
861269
861367
861825
861832
862037
862368
862395
862557
862891
863017
863072
864122
864268
864302
864674
864706
865357
865384
865449
865637
866037
866055
866111
866267
866307
866335
866536
866715
866755
866820
867311
867327
867857
868025
868615
868675
868997
869001
869484
869718
869724
869730
869774
870227
870958
871084
871097
871276
871331
872123
872223
872288
872431
872449
872546
872757
873014
873240
873461
874428
874533
874536
874670
874694
874718
875035
875175
875400
875411
875498
875656
875914
876183
876590
876917
876944
876966
877206
877536
877574
877875
878088
878223
878309
878388
878436
878497
878889
879036
879089
880045
880142
880183
880267
880374
880491
880554
880707
880754
881133
881244
881523
881551
881563
881794
881832
882390
882541
882576
882804
882956
883209
883247
883296
883344
883733
884184
884310
885015
885253
885319
885326
885333
885574
885613
885806
886108
886287
886990
887146
887340
887463
887733
887762
887929
888062
888101
888463
888561
888578
888792
888824
889205
889392
889626
889708
889800
889852
889854
889939
890657
890924
891214
891672
892159
892242
892249
892373
892404
892855
892966
893077
893237
893646
893867
893884
893887
893922
893959
894134
894334
894516
894793
895005
895233
895318
895505
895944
896572
896583
896813
896988
897056
897224
897277
897656
897703
897746
897809
897979
898010
898125
898385
898609
899069
899368
899387
899472
899583
899701
900172
900496
900522
900721
900812
901223
901400
901412
901794
901915
901988
902171
902413
902424
902654
902655
902715
902728
902823
902853
902971
903027
903478
903687
903727
903764
903939
904111
904188
904537
904941
906016
906028
906529
906911
907830
907994
908041
908100
908284
908469
908530
908695
908707
908810
909078
909333
909353
909641
909660
909823
909968
910273
910303
910356
910358
910403
910648
910722
910776
910899
911242
911369
911592
912199
912232
912967
913035
913418
913506
913994
914029
914219
914234
914680
915079
915091
915134
915256
915323
915381
915490
915646
916214
916590
916899
916983
916988
917825
918203
918282
918765
918829
919139
919380
919489
919541
919684
920321
920738
920751
920807
920922
921113
921441
921759
921984
922491
922729
922872
923000
923601
923991
924338
924857
924968
925056
925211
925405
925487
925727
925772
925922
926584
926859
926874
926880
928067
928342
928585
928614
929037
929057
929417
929442
929528
929545
929569
929633
929957
930086
930257
930276
930384
930485
930847
930930
930977
931674
931690
932008
932074
932127
932475
932488
932547
932744
932769
932867
932884
932904
932965
933326
933484
933971
934150
934155
934534
934668
935015
935247
935307
935354
935368
935469
935840
936813
936902
937043
937461
938382
938444
938506
938566
938766
939296
939480
939661
939741
940135
940283
940950
941194
941568
941810
941886
941922
942312
942924
943024
943085
943184
943241
943272
943296
943372
943735
944056
944255
944486
944509
944678
944851
945062
945327
945387
945537
945732
946237
946341
946526
946594
946666
946794
946971
947092
947177
947286
947539
948201
948615
948680
948752
948817
948872
948926
949274
949383
949480
949668
949680
949735
950056
950274
950276
950466
950674
950813
950874
951005
951077
951198
951314
951330
951487
951494
951636
951793
951976
952062
952116
952244
952506
952757
952818
952864
953403
953428
953771
953829
953974
953978
954074
954306
954553
954799
954960
955551
955619
955692
955933
956214
956389
956439
956656
956882
957019
957166
957699
957841
958021
958051
958096
958132
958194
958377
958398
958657
958985
959372
959459
959467
959585
959723
959822
959985
960169
960294
960390
960463
960649
960897
960961
961065
961440
961740
961986
962076
962096
962277
962343
962382
962408
963106
963391
963469
963556
963812
963853
964009
964023
964070
964194
964213
964845
965447
965456
965473
965583
965975
966007
966168
966193
966389
966489
966851
966890
967209
967491
967593
967607
967670
967684
967818
968094
968365
968392
968617
968698
968840
969538
969859
970505
970654
970807
971338
971363
971410
971494
972064
972253
972473
972480
972591
972652
972914
972958
973111
973380
973392
973608
974104
974425
974534
975128
975161
975323
975614
976024
976229
976240
976296
976398
976412
976426
976763
977005
977079
977724
978353
978397
978527
979399
979798
979953
980152
980160
980528
980568
981066
981082
981233
981240
981269
981302
981318
981778
981988
982058
983089
983114
983276
983757
983765
983890
984169
984339
984360
984389
984395
984743
984785
985191
985423
985499
985629
986112
986400
986441
986452
986489
986710
986747
987086
987254
987417
987895
988155
988441
988724
988851
989009
989067
989554
989775
990122
990550
990784
990870
991014
991269
991322
991580
991621
991666
991717
991939
992346
992467
992557
992887
992916
992940
993693
993827
994315
994463
994862
995004
995038
995634
995919
996034
996051
996446
996989
997729
997853
997914
998289
998348
998476
999408
999445
999506
999606
999909
999954
