-999806
-998868
-998606
-998445
-996927
-996493
-996392
-996350
-995586
-994407
-994352
-993452
-993077
-992825
-992517
-992214
-991755
-991726
-990838
-990670
-989641
-989561
-988929
-988367
-986650
-986486
-986483
-983789
-982080
-982080
-982057
-981410
-980015
-979615
-979009
-978996
-978812
-977316
-977269
-977238
-976391
-975409
-975279
-974770
-974740
-974132
-973759
-973545
-973451
-973276
-972898
-971647
-970561
-968327
-968057
-967991
-966929
-966096
-965266
-965184
-964796
-962948
-962529
-962296
-961699
-961652
-961133
-958234
-956927
-956909
-956901
-956885
-956806
-955938
-954533
-953923
-953900
-951956
-950892
-950859
-950827
-950741
-948479
-948131
-947721
-946128
-943984
-943908
-943175
-942441
-941683
-941084
-940844
-940091
-939195
-939138
-938811
-937965
-937649
-937286
-936978
-935853
-935660
-935493
-933990
-933767
-933695
-933657
-933391
-932014
-931409
-931204
-931183
-929912
-929134
-928605
-928481
-928446
-928155
-927977
-927763
-927128
-927033
-926128
-925370
-924914
-924243
-924193
-922960
-921645
-921640
-921263
-920877
-920298
-920168
-919371
-919139
-919026
-918114
-916138
-916136
-915559
-915353
-915308
-914401
-913416
-912694
-912575
-912516
-909535
-909319
-909176
-908754
-908638
-907458
-907170
-905712
-904531
-904219
-904105
-903972
-903184
-903010
-902497
-901182
-900221
-898663
-896398
-895852
-894930
-894501
-894307
-894069
-893269
-893163
-892411
-892396
-892166
-891044
-890746
-889373
-889103
-889080
-887713
-885620
-884074
-883332
-883238
-883022
-881877
-881427
-880609
-880274
-880083
-879913
-879513
-879483
-878156
-877677
-877090
-875609
-873850
-872999
-872521
-872383
-872117
-871172
-870507
-869818
-869413
-866825
-865721
-864827
-863250
-863236
-863129
-862817
-862122
-861208
-860789
-860510
-858965
-858822
-858716
-857836
-856801
-856563
-853420
-852609
-852480
-851906
-851420
-851146
-850249
-849142
-849066
-848756
-848203
-847926
-847860
-847300
-847136
-845715
-845574
-844769
-841599
-841077
-840072
-839786
-838769
-838279
-837902
-837796
-837374
-837367
-835780
-834085
-833722
-831024
-830945
-830934
-830689
-830565
-830208
-827013
-826604
-825989
-825560
-825209
-824559
-824377
-824005
-823939
-823692
-823617
-823563
-822976
-821827
-821226
-820632
-820299
-819384
-818125
-816750
-816728
-816146
-815741
-815730
-815576
-814516
-813557
-813469
-813118
-812095
-812072
-810552
-810344
-810037
-809570
-809407
-809115
-807989
-806716
-805403
-805202
-804967
-804946
-803878
-803625
-802423
-801981
-801535
-800179
-799276
-797844
-797538
-797182
-796851
-795173
-793908
-793328
-792533
-791409
-790997
-790270
-790056
-789121
-787352
-787250
-786931
-786029
-785833
-785736
-784515
-784101
-783167
-782761
-782731
-782630
-782184
-781896
-781771
-779366
-779324
-779154
-779148
-776682
-775851
-774266
-774121
-772636
-771503
-771385
-771268
-770809
-770464
-769744
-769310
-768905
-766357
-766169
-765187
-762671
-761984
-760121
-758092
-757201
-756856
-755587
-755091
-754683
-753671
-753477
-752958
-752681
-749906
-749447
-748907
-748680
-748236
-748178
-748033
-747456
-746933
-746429
-744834
-741293
-741063
-739143
-737888
-736256
-734712
-733307
-732990
-732876
-732773
-731221
-730238
-730232
-729595
-727885
-726987
-724864
-724610
-722943
-721721
-718959
-718333
-718279
-717312
-717050
-716380
-715049
-714893
-714562
-714351
-713872
-713418
-713387
-712921
-712766
-710699
-710196
-708096
-707997
-707464
-707089
-706717
-704478
-704232
-703710
-703016
-701924
-701542
-700943
-700278
-699647
-699368
-699190
-696878
-695890
-695551
-693288
-692493
-692434
-692355
-692045
-691857
-691681
-691555
-690613
-690402
-689889
-689765
-689662
-689117
-688416
-687894
-687081
-686652
-686027
-684927
-684625
-684547
-683893
-683012
-682801
-682675
-681383
-681198
-679908
-679013
-678148
-677853
-677696
-677653
-677329
-676938
-675602
-675592
-674429
-674164
-673138
-672956
-672202
-671967
-671826
-670615
-670372
-670047
-669772
-668668
-668539
-668525
-668001
-666901
-666880
-665907
-663020
-662865
-662350
-659524
-658582
-657611
-657145
-655869
-655787
-655588
-655116
-654206
-653691
-653275
-653021
-652760
-651540
-651292
-650996
-650414
-650244
-649652
-649003
-647388
-647370
-647309
-646739
-645506
-645308
-644910
-644486
-643982
-643944
-642594
-641326
-641267
-640724
-640227
-640107
-639095
-638841
-638819
-638807
-637946
-637802
-636514
-636369
-636266
-635546
-635202
-634532
-634297
-634096
-633214
-632002
-631847
-630511
-628403
-628300
-627612
-627382
-626729
-626645
-626578
-626008
-625963
-625697
-625577
-624243
-623888
-622764
-620912
-620471
-620462
-618975
-616793
-616656
-616611
-615917
-615630
-615154
-614994
-614889
-613321
-612564
-612333
-611971
-611224
-609912
-608645
-608270
-606876
-606840
-605512
-605350
-605030
-604383
-604362
-603570
-603295
-603190
-602699
-600582
-600534
-599293
-598321
-597244
-597018
-596703
-596573
-595886
-594972
-594596
-593757
-593387
-591117
-590562
-590361
-589943
-588282
-588022
-587238
-587171
-586703
-584943
-584791
-584514
-584462
-584099
-583626
-582028
-581907
-580930
-580795
-580737
-580487
-579028
-578899
-578787
-578759
-578563
-578227
-577705
-577133
-576963
-576619
-576578
-574039
-573758
-572711
-572496
-569542
-568780
-567753
-567522
-567279
-567149
-566845
-566508
-566291
-566100
-565379
-565142
-564128
-563041
-562413
-561556
-559520
-559077
-558675
-558062
-557278
-556425
-556240
-555363
-553790
-553275
-553129
-551642
-551044
-549617
-548974
-548656
-548418
-547058
-546587
-546443
-546322
-545884
-545453
-544129
-543451
-543367
-543213
-543161
-542853
-542543
-542158
-541656
-541386
-541272
-540866
-538844
-538599
-538266
-537631
-535892
-534624
-533320
-532417
-531992
-531818
-530448
-530441
-530277
-530183
-529405
-529366
-529315
-528037
-527984
-527106
-524873
-524203
-523830
-523134
-522760
-522715
-520661
-520126
-518395
-517235
-516366
-515960
-514094
-513190
-512031
-511097
-510827
-510006
-508065
-507802
-507242
-506861
-505917
-505766
-503904
-503363
-502833
-502407
-502352
-502252
-501624
-500896
-500603
-500240
-499994
-499252
-498834
-498513
-498106
-497841
-497798
-495839
-495482
-494310
-494293
-494251
-493712
-492145
-491990
-490910
-489927
-488331
-487439
-486447
-486373
-486288
-485969
-485927
-485179
-483872
-481545
-481302
-481043
-480231
-479529
-479029
-478614
-477147
-476491
-475978
-475297
-474969
-474071
-473869
-473047
-469785
-469681
-469189
-468163
-467370
-466428
-463985
-463280
-461275
-460131
-459135
-457549
-457498
-456600
-455731
-454903
-453644
-452769
-452472
-451791
-451725
-450983
-450473
-450422
-450209
-449935
-449878
-449304
-447601
-446757
-446389
-444577
-441712
-441383
-441143
-440894
-440666
-439863
-438971
-438924
-438825
-438475
-438261
-438084
-435118
-434916
-434088
-433915
-433403
-432539
-431713
-430944
-430048
-429822
-429504
-428029
-427979
-426240
-425960
-425664
-425639
-425220
-424418
-422026
-421235
-420303
-419689
-418513
-418253
-416343
-416105
-416021
-415873
-415740
-414837
-414528
-413559
-413112
-413064
-412971
-412395
-411569
-411475
-411322
-411213
-410617
-409407
-408733
-408619
-408398
-408227
-407606
-407498
-406898
-406798
-403514
-402803
-402757
-401771
-400991
-399659
-399359
-399129
-399050
-398557
-398464
-397790
-397407
-397354
-395905
-395833
-395446
-394203
-393742
-393116
-392816
-392574
-392494
-391886
-391334
-390019
-389455
-389119
-388538
-388307
-388088
-387785
-386879
-385419
-382263
-381278
-381170
-380939
-379814
-379191
-378650
-378578
-378373
-377088
-375129
-373949
-373386
-373072
-372913
-372817
-372585
-371789
-371557
-371334
-370672
-368991
-368378
-367747
-367506
-367292
-365060
-364851
-363546
-363285
-363053
-359251
-358692
-358522
-358291
-357919
-356546
-356490
-354861
-354753
-354141
-353711
-352995
-350902
-350284
-349707
-348886
-348687
-348043
-347173
-345686
-344835
-342654
-341146
-340144
-339736
-339679
-339187
-338027
-337563
-337018
-335048
-331714
-329111
-325510
-324845
-322245
-322106
-322066
-320330
-319725
-318614
-318538
-317479
-317283
-316925
-316509
-316419
-315850
-315337
-314600
-313193
-312427
-312374
-311942
-311408
-311332
-310407
-310351
-310130
-309954
-309218
-309074
-308414
-308238
-307991
-307190
-307173
-306603
-306376
-306207
-306028
-306024
-305604
-305106
-304946
-304364
-303534
-303477
-303384
-303231
-301838
-301716
-301641
-300871
-300808
-300213
-300210
-299843
-297298
-295733
-294777
-293478
-292619
-292158
-291845
-291276
-289554
-286198
-285861
-283885
-283801
-282163
-281984
-281574
-281007
-280874
-280287
-278013
-277592
-277192
-275516
-274692
-273801
-273722
-273650
-273259
-273167
-272101
-271298
-270828
-270096
-269885
-269884
-268576
-268382
-268094
-268085
-267442
-267124
-266951
-266923
-266304
-265507
-264534
-264132
-262101
-261820
-261625
-260614
-260275
-259582
-259485
-258846
-257849
-256695
-256463
-255744
-253889
-253633
-251649
-251184
-250915
-250471
-249673
-249267
-249098
-248779
-248369
-248023
-247524
-247224
-246948
-246718
-246295
-245335
-244920
-244706
-241008
-240488
-239764
-239598
-239505
-239326
-238721
-238343
-237760
-237406
-237394
-236719
-236652
-236103
-235915
-235581
-235020
-233880
-232700
-232416
-232049
-232044
-230465
-230458
-229918
-229912
-228796
-228339
-227483
-227040
-226722
-226289
-223825
-221949
-221253
-220674
-220624
-220092
-219878
-219634
-219628
-219188
-217885
-217693
-217231
-216202
-215904
-214643
-214432
-214391
-213160
-213107
-212883
-212593
-208699
-206350
-205476
-204820
-203701
-202878
-201731
-198756
-198502
-198024
-197952
-196523
-196152
-196134
-195773
-194801
-194530
-194356
-194235
-193875
-193053
-192898
-192647
-192544
-192512
-191109
-190508
-190302
-190261
-189817
-189459
-189263
-186432
-185996
-185923
-185692
-185407
-185232
-184523
-183535
-183217
-183193
-183109
-183067
-182852
-181584
-180871
-179569
-179180
-178948
-178922
-178268
-178235
-176999
-175688
-175560
-175387
-173475
-173390
-172412
-172204
-172134
-171213
-170851
-169305
-168062
-167743
-167615
-167613
-167091
-166609
-166179
-166030
-164671
-164325
-164300
-163698
-163061
-162776
-162682
-162421
-161098
-160956
-160515
-160374
-159665
-158673
-158126
-157717
-155927
-155839
-155068
-155047
-154076
-154014
-153248
-151858
-151627
-151608
-150953
-150045
-149824
-149171
-149045
-147942
-147882
-146499
-146462
-146104
-145543
-145319
-144815
-143353
-143161
-142541
-142077
-141014
-140604
-140316
-140128
-139772
-137471
-136215
-133645
-132567
-131357
-131110
-130831
-130619
-130059
-129822
-128559
-127765
-127507
-127323
-123520
-123365
-121915
-120309
-119997
-118645
-118454
-117315
-116630
-115689
-115455
-114849
-114574
-113413
-112746
-111938
-111279
-111231
-110762
-110486
-110406
-108580
-108344
-108244
-107825
-106834
-104270
-104061
-103830
-102963
-101097
-101012
-99366
-99113
-97798
-97558
-97397
-97238
-97107
-96610
-96058
-96007
-95760
-95738
-94993
-93472
-91638
-91425
-90586
-89784
-89741
-89539
-89297
-87947
-87241
-86049
-86039
-85596
-85405
-85378
-84553
-84410
-84269
-84243
-83003
-82596
-81490
-81368
-80273
-80260
-79810
-77674
-77542
-77254
-77230
-77072
-75251
-75045
-74897
-74855
-74657
-74475
-74281
-74224
-74123
-73794
-72236
-70728
-70262
-69416
-69334
-68123
-67583
-66700
-66622
-65957
-65896
-64836
-63377
-63010
-60820
-59604
-57810
-57213
-55971
-55934
-55425
-54864
-54860
-54005
-53227
-52487
-52247
-51494
-51300
-50926
-50836
-49476
-49009
-47359
-44473
-44257
-44064
-43699
-43290
-43059
-42609
-40918
-40858
-40466
-40366
-39357
-38558
-38535
-38522
-38275
-36077
-35315
-34897
-32963
-32518
-32118
-32070
-31460
-30842
-30789
-30276
-29379
-28802
-28503
-27861
-25850
-25709
-24099
-23983
-23603
-23330
-22635
-20813
-20712
-20310
-20079
-19740
-19497
-18554
-18129
-17554
-17418
-17353
-17305
-16581
-16536
-15638
-15448
-15035
-14065
-13943
-13816
-12739
-12628
-12449
-11968
-11626
-10649
-8950
-8753
-8118
-8097
-6991
-6838
-6465
-5647
-5125
-4955
-4481
-4047
-2436
-2209
-847
703
2049
2517
3041
3320
3585
5054
5086
5436
7386
9045
9801
10254
10330
10499
12498
13010
13554
13807
14092
15463
16283
16924
18587
18702
19444
19513
20355
21252
21678
21899
22052
22536
23555
23581
23875
24249
25899
26259
26572
26983
27083
27207
27296
27697
28091
28499
28550
29107
30995
31316
32578
33307
33368
34331
35267
35810
36112
36134
38098
39418
40006
41034
42273
44085
44604
44789
45219
45297
45501
45648
46065
46269
48058
48373
48378
48839
49468
49518
49648
49955
50583
50638
50926
53716
54290
54895
55027
55393
56229
56376
56498
57317
57563
58178
58411
59026
59178
59753
59793
59955
60745
60810
61465
62116
62537
63187
63453
63647
64406
65946
66914
67526
68443
69662
69691
70044
70202
70516
70738
70780
71091
71159
71329
72334
72691
73698
74287
74691
75155
75286
76207
76664
77065
77343
78031
78810
78840
79074
79284
80734
81244
81664
82006
82721
82810
83025
84857
84882
85654
85885
86458
87062
87224
87748
88849
89257
90088
90835
93459
94879
95549
97181
97227
97980
98075
98402
98523
98847
98912
101686
102238
102592
102887
103606
104301
104639
105145
105896
106425
107145
108593
108619
112515
113015
113204
114405
116237
118147
118730
118831
118953
120275
121470
121633
121922
123296
123841
124661
125090
125656
126332
127195
127515
127570
128731
129857
131560
133765
133808
134426
137187
137639
137717
137812
139345
139449
139461
140048
140110
140977
141413
141657
142332
143828
144738
145101
147188
147608
148156
148765
149496
150212
150461
150507
152129
152246
152920
155819
156154
157139
158085
159709
159956
161101
162017
162066
163587
163967
164142
165199
165371
166780
167703
169204
170081
171137
171277
171794
173751
174357
174415
174956
175166
175588
177916
178012
178544
178740
178917
179161
180719
180961
181320
181666
182018
182099
184178
185070
185393
186040
186176
186609
187658
187947
188469
188723
188909
190007
192360
192523
192613
193743
194869
196069
197120
197600
198267
198607
199875
200098
200723
203426
204572
205558
206556
206583
208318
208732
209671
209880
209997
211565
211670
212599
212761
214063
214807
215871
216723
216954
217813
217825
218030
219433
219861
219918
220999
221081
221489
221716
223384
224224
224416
224702
224711
225535
226289
226361
226679
227107
227653
228450
228692
228824
230242
230517
231715
232111
232529
232985
233381
234405
235354
235908
236961
239064
239132
239610
240235
241373
241850
242226
242353
242911
242997
244531
244567
246179
246236
246764
247070
247992
249035
249450
250197
250269
250329
250510
251172
252704
252838
253399
253450
254503
254526
255193
255345
255931
257628
257682
257794
258668
259121
259777
260690
261175
261857
262169
263204
263375
263433
263591
264074
265967
267257
270304
270475
271619
271725
272511
273629
273722
275112
275714
276507
276852
276932
278051
278140
278257
278515
279599
279714
280042
280158
282520
282560
282933
284693
285315
286613
286947
288126
288478
288789
289024
289036
289245
290604
290961
291175
292158
292746
293327
293713
294817
296155
296947
298351
298772
298891
299266
300309
301145
301779
302010
303023
305569
306837
307432
309096
309937
310151
311581
311858
313590
315198
315754
316031
316111
316695
316973
318016
320773
321634
322648
323417
324296
325339
325403
326204
328100
328200
328318
328822
329631
330617
330910
331359
331508
331858
332524
333166
333943
334405
335065
336021
336280
338200
339284
340541
340885
340902
341432
343084
345945
345995
346569
346750
347226
349204
351817
352926
353990
355818
356504
356821
357168
357289
357493
357701
357876
358234
358377
358450
358545
359565
361342
362227
362367
363017
363744
364182
364262
364542
364581
364604
365523
365644
368079
368424
368693
369526
371016
373589
374117
375124
376480
376511
376646
376767
377840
380438
381620
381623
381663
383750
384572
384780
384994
385202
385676
386354
386388
386393
386486
386553
386698
387162
387287
387748
387944
388138
388230
388297
389070
390217
390572
392242
392251
392587
393467
394144
395032
397013
397522
397533
397756
397784
400615
401294
401323
401706
401903
402944
403637
403668
403848
403970
404436
404798
405025
407184
407908
408227
409140
409797
409857
410882
411360
411868
411947
412269
412679
412907
413712
414493
414949
415688
416152
416578
416810
416820
416948
417801
418523
418868
418917
420396
420503
420536
420691
421081
421081
421579
422085
422886
423222
423498
424380
425061
425062
425078
425169
426541
427187
428220
429069
429880
430062
430131
430160
431493
432646
434600
436149
437359
438135
439230
439299
439301
439623
440050
440207
440558
440780
440831
441410
441710
441727
442505
445146
445519
446907
447593
448848
449786
452074
453071
454968
455474
456480
457534
457554
457953
458209
458607
459057
459292
459960
460664
461152
462509
462657
462944
462951
464351
464676
465017
466466
467835
468150
468941
469271
469549
469767
470317
470852
471543
471802
472478
472544
473259
473316
473945
474348
474662
474780
474893
475594
477458
478746
479049
479813
480073
480145
480609
481290
482191
482308
482400
482890
484293
484544
486132
487376
487752
488714
489577
490415
491069
492278
492833
493377
494030
494319
494772
495289
495916
497215
497592
497891
498572
499175
499236
501644
503190
503487
503680
503761
505030
505297
505690
506767
506958
506981
507166
507213
507315
507442
508100
508709
509301
509815
509897
511124
512729
513092
513868
514335
514843
515042
515486
516320
516401
516420
518288
520420
520865
521023
521681
522436
522764
524563
524757
524924
525121
525379
526015
531275
531527
531807
533166
533920
534150
534377
535902
535911
535969
536013
536845
536867
539369
540492
541023
541812
542343
542476
542582
543133
543316
543526
544870
545933
546343
547135
547143
547246
547791
548868
549269
551434
551537
551672
552006
552110
553964
554396
554405
554666
555595
556079
556204
556768
557545
558351
558980
559075
559473
561155
562164
562787
563170
563485
563781
564296
565055
565695
567731
568394
568753
570756
572487
573267
574402
577120
577775
577845
578556
578566
578778
579215
579646
579854
579966
580380
580804
580847
581630
582051
582514
584393
586569
587854
590493
590747
592219
593166
593525
598639
599782
600180
601025
601135
601934
603586
603632
604180
604333
604450
605287
606005
607113
607719
607967
608098
609388
609987
611211
612588
612736
612952
613332
613586
615789
616867
616882
617992
618240
618287
618560
619789
620396
620578
620631
620708
620795
620803
621891
622208
622326
623520
624348
625985
627970
628111
628470
629493
630564
632154
632259
632743
634575
637055
637603
637653
638532
638890
639266
640174
640299
640902
640991
642125
642207
643320
643626
645518
645632
646571
646729
647498
647962
648865
649514
649680
649929
650893
651043
651792
652202
652369
652770
652800
652803
652953
654241
655668
659766
659883
660958
661606
661794
662161
662181
664082
664514
664665
667063
667319
668280
668289
668314
669736
669964
670306
670704
670808
671309
672284
672832
672884
674131
674194
674696
675336
676231
676383
676406
677344
677588
677693
680513
680748
681733
684096
684709
684890
686095
686283
686898
687131
687819
687896
687962
688950
689810
689879
690501
690606
690649
691710
692359
693077
694593
695131
695654
695994
696033
696037
696792
696848
697046
697105
697515
698401
701742
702086
702275
703332
703884
704357
704959
706101
706628
710297
710555
711612
711686
711763
713148
713377
714905
716245
716968
717291
717578
717846
718950
719043
719992
720119
720246
720754
722221
723831
723900
724021
724228
725700
725889
726413
726657
727197
727769
729647
734249
734877
735500
736122
736702
737069
738396
738995
740010
740879
741149
741422
742029
742368
742779
743173
743573
747901
747938
748342
748563
749151
750816
751568
751644
753559
754016
754051
754304
754709
754998
755517
756119
756264
757749
758073
758867
759550
762098
763394
763656
764372
764783
765054
765226
768847
768871
770493
772695
773200
773867
775667
776027
776304
777451
778439
778888
779364
780949
781798
782548
783191
783208
783897
784311
785019
785722
785827
787601
788235
789136
789505
790362
790620
791562
794074
794433
794834
795363
796358
797263
797428
798119
798652
798813
799010
799286
800404
800414
804516
805793
806246
806318
806532
807172
807185
807618
807954
808124
808500
808692
808744
808993
810364
811457
812988
814999
815863
815901
816510
817225
817691
818306
818857
819188
819355
820357
821296
822579
823052
824776
825012
825457
826132
826426
826779
827567
827748
828556
829194
829374
829510
831814
832156
833096
833462
833877
834142
835200
835855
838186
838265
838618
838750
839195
839909
840084
840461
842298
842826
843753
843946
844622
845205
845542
845583
845618
845808
845858
846050
846050
848262
848332
848828
849906
850191
850271
851083
851769
851916
852134
852149
852697
853313
853347
853705
855090
855417
855896
856422
856491
857815
860029
860641
860969
861565
861702
862904
863799
864353
864388
865858
866670
866888
867540
867877
870316
871990
872068
872582
873826
874458
875833
876855
877233
877465
879086
880964
881301
881854
882024
882216
883263
883417
883668
884084
885323
885947
887260
888023
888352
888560
888701
888869
889972
890154
891123
893005
894202
895039
896582
897392
900096
900976
900997
901609
901705
901713
901934
901979
902193
902838
903004
903656
904059
906857
907147
908256
908371
909304
909666
909812
909824
910524
910816
911821
912295
912948
913202
913663
913693
914857
915126
915147
915750
915903
916110
916128
916316
916729
916828
919297
919589
920274
920857
922685
922853
923162
923178
923451
923677
923849
927191
927433
927442
927935
928683
928709
929414
929554
930198
930588
932161
933162
934066
934136
937430
937781
938022
938326
938781
938814
939177
939437
941469
941551
941890
942345
943802
943820
943981
944026
944692
944988
945049
945755
946139
946329
946554
947285
947372
948423
949804
949847
949949
949949
949969
950246
950256
951703
953248
953355
953848
954204
954695
954752
954938
954945
955387
955922
958341
961363
961896
961909
962370
963305
964200
964833
964874
965148
966396
967343
967480
968056
969007
969408
969513
969793
969881
970888
971475
971978
972702
972852
973149
973359
974138
974267
974953
975071
975749
976302
976841
976992
977164
977247
978127
979254
981040
981045
981173
981203
981214
981969
982063
983238
984641
985052
985690
986970
987409
987547
988397
989650
989827
991200
991429
994340
995224
995501
996146
998536
999113
