999093
995295
995278
989976
987764
985009
983703
980465
977866
975806
971231
970983
968165
966823
966108
965354
963151
960291
958731
957447
951167
945285
936590
935609
933460
931304
930870
925310
923973
923742
922476
918799
918652
912312
907005
904344
901680
901298
899399
898899
897680
896957
895080
893946
893718
888661
887204
885876
882303
882177
880601
879858
878952
878947
878144
876290
872032
868327
867601
866179
865010
863714
862977
862969
857723
856141
854337
847514
846037
843501
842517
841131
836925
833402
831979
831212
829651
828058
827133
823432
821973
821607
819144
818408
816710
816468
815507
813082
810786
807757
807419
806245
804794
798423
798252
794181
793920
793484
793067
792646
791750
791363
790236
788628
788337
788021
787520
787191
786655
784017
783748
783734
783260
778804
778361
776362
774329
774243
773667
773072
772231
771065
768390
767966
767657
766896
765890
765099
764320
763301
760880
757026
753270
750616
749255
748479
746554
745275
744757
740740
739946
734611
733778
733254
733054
732121
731314
729754
725326
723216
716604
714875
714431
713361
709576
701575
699551
698578
696776
693759
692910
688874
684233
683868
682763
679599
679298
679258
675650
673159
673045
671788
670889
668836
668421
667916
665117
662081
659566
658387
656428
653544
653120
651626
651558
646194
644687
642701
640157
640137
638751
634504
633900
630338
628414
626287
625829
620663
617754
616619
614358
611261
606002
603848
603230
603031
597884
596735
595662
595346
588204
579306
577702
574693
574186
573231
571595
571215
563418
562963
559310
555582
554558
553018
548953
546892
545765
545613
543266
540407
538408
535441
535398
533998
533878
533512
531470
529567
529408
526169
523689
521942
520421
519747
519515
518438
512296
509859
509481
508663
504171
498308
493820
492098
491883
491720
488694
484796
480223
477586
475673
474258
473419
472221
471368
466974
465587
463753
461624
460192
460076
460048
458309
458097
457704
455149
451119
450049
449886
448773
448526
446699
444499
442680
440908
439907
439732
438337
437372
437185
436228
435578
435447
433911
433861
433456
433354
431274
430331
426494
423722
422517
418359
416574
400578
396037
393908
390964
390813
389323
388547
383862
382613
380908
374127
373651
370869
368735
365966
364169
360606
360213
359518
359262
356636
355330
355010
354544
353749
351054
350495
349384
345824
345213
344015
343911
342110
339509
339092
335806
335718
334310
331953
331911
330874
328661
328218
327900
327437
323160
319029
314106
313961
308451
303870
303032
302505
301891
299665
295000
294468
292775
285097
283621
281784
281029
278268
277695
276418
272080
271441
269099
268681
265418
265353
264912
262988
260926
253778
252065
245957
245213
245148
243036
242747
241228
235860
235661
234089
234042
228726
228386
226480
224651
223848
222191
220838
213110
209414
208310
207809
207284
206488
203709
200921
196364
195969
189838
189299
186506
184206
182936
182706
178672
177131
176800
175640
175010
174879
174550
172461
171097
170626
170027
166603
164452
163259
161706
161356
159754
159148
154506
154233
154178
152862
151383
151071
150859
148847
148122
147953
146718
144912
144495
140543
140117
138951
137818
132978
131264
128268
125458
122477
122093
120755
120146
118407
115511
112363
109565
108518
107222
101308
98690
97612
97529
94775
87926
84008
83536
83371
81858
81063
81059
79873
79195
75478
75272
74349
72670
71463
66631
62050
57679
56361
55530
55250
53711
51116
50974
50155
49669
36304
35458
34137
33309
29833
28287
27469
27167
22729
22669
21657
20752
20371
19915
18264
15831
15347
13104
12701
8818
7926
6111
5145
4783
2084
1688
-180
-515
-3897
-4851
-5455
-8078
-13463
-17806
-20198
-20706
-24006
-26038
-28392
-30468
-31057
-33435
-34384
-36656
-38178
-40781
-42374
-42543
-51368
-51730
-54467
-59188
-68861
-69651
-72795
-74335
-76707
-77343
-78151
-79406
-79497
-80204
-81126
-84409
-84501
-87307
-96084
-97625
-104019
-105908
-105973
-106003
-106690
-108425
-108593
-111974
-112032
-113461
-115278
-117179
-127066
-128399
-135384
-138519
-139139
-139612
-145812
-153308
-153769
-155084
-157782
-158482
-158750
-158824
-159911
-162362
-162452
-164066
-165688
-167443
-172069
-173058
-173278
-173836
-175717
-177740
-178273
-180154
-181531
-181892
-182822
-183895
-184980
-185596
-191578
-192545
-196849
-202967
-203108
-203813
-205322
-206039
-206277
-208226
-209213
-210576
-210695
-211258
-213644
-214066
-214352
-215462
-217472
-217641
-219158
-219365
-220787
-221350
-222841
-223038
-225730
-225759
-229611
-229946
-236146
-238103
-240907
-245599
-246031
-246043
-247647
-251581
-254952
-255000
-255498
-262099
-263249
-266090
-266126
-267577
-271097
-274180
-279934
-280909
-285998
-286703
-295737
-297603
-302224
-305135
-307667
-308166
-317918
-318162
-318305
-320949
-322618
-325728
-327203
-328727
-330365
-331970
-332432
-334974
-335923
-342148
-342260
-344377
-348437
-349301
-350765
-352470
-353088
-353200
-353415
-355130
-360963
-361079
-362260
-362355
-364349
-366101
-367793
-368124
-373359
-376887
-378114
-380635
-382561
-382753
-389139
-389324
-389425
-394259
-394597
-395016
-399346
-400056
-401572
-403363
-405119
-406043
-408238
-410727
-416572
-416677
-419934
-421406
-425971
-426193
-430265
-430343
-433333
-433556
-434295
-438849
-441491
-450192
-451568
-455109
-456884
-458673
-458914
-461731
-462633
-467225
-470199
-470819
-471769
-473608
-475150
-477658
-483668
-485002
-488771
-491584
-491617
-493794
-495625
-497700
-508542
-510814
-511304
-512815
-515014
-519108
-523954
-524761
-525488
-530271
-533171
-536738
-539080
-539932
-540674
-546009
-548160
-551433
-552063
-552194
-552411
-552873
-553103
-555648
-555907
-562197
-564627
-568023
-573667
-574097
-574403
-576311
-580846
-580950
-583395
-584404
-585937
-588145
-590075
-592713
-592850
-594176
-594480
-595095
-595923
-600537
-601733
-606179
-607595
-609263
-610790
-610939
-612626
-613246
-613882
-614864
-617049
-619269
-625198
-629676
-633273
-636145
-639967
-645450
-645894
-651817
-653812
-655258
-655416
-656058
-657399
-658839
-663698
-667259
-667825
-667923
-670453
-673516
-674152
-675885
-676116
-677343
-679413
-681152
-682121
-684765
-684778
-687075
-691838
-694522
-695133
-696129
-697368
-701168
-704747
-705734
-710390
-711489
-711996
-712523
-715586
-722096
-722202
-724209
-725440
-726399
-728419
-737016
-737687
-738727
-744435
-745407
-751305
-753913
-757263
-760276
-760558
-762269
-764744
-766168
-766967
-769758
-774232
-774424
-774999
-775154
-780696
-783917
-787530
-787549
-787604
-788242
-789312
-790031
-790245
-790943
-792437
-793893
-794846
-798549
-805085
-806825
-807803
-808234
-809187
-818279
-818782
-819757
-820623
-822687
-823353
-823514
-824714
-826719
-827492
-831481
-832357
-833410
-834201
-838930
-839505
-841625
-842103
-844496
-850691
-852649
-853498
-853673
-854548
-855253
-856828
-857045
-859845
-863052
-866366
-866528
-873242
-873814
-874289
-877107
-879801
-880026
-882849
-883182
-883343
-884329
-885938
-890364
-890520
-895492
-899305
-900054
-904092
-904418
-905495
-906163
-907681
-908646
-910131
-911316
-911662
-913215
-916786
-917221
-917869
-919821
-920631
-921224
-922314
-924208
-924364
-929166
-933372
-939654
-939692
-948965
-955928
-956873
-958870
-961019
-961101
-965729
-965986
-967857
-969173
-970027
-970062
-970846
-970943
-972752
-976240
-977780
-978758
-979192
-981392
-981995
-984152
-986163
-986796
-986842
-991964
-992915
-994140
-995797
-996652
-998416
-998927
-999895
