-999895
-998927
-998416
-996652
-995797
-994140
-992915
-991964
-986842
-986796
-986163
-984152
-981995
-981392
-979192
-978758
-977780
-976240
-972752
-970943
-970846
-970062
-970027
-969173
-967857
-965986
-965729
-961101
-961019
-958870
-956873
-955928
-948965
-939692
-939654
-933372
-929166
-924364
-924208
-922314
-921224
-920631
-919821
-917869
-917221
-916786
-913215
-911662
-911316
-910131
-908646
-907681
-906163
-905495
-904418
-904092
-900054
-899305
-895492
-890520
-890364
-885938
-884329
-883343
-883182
-882849
-880026
-879801
-877107
-874289
-873814
-873242
-866528
-866366
-863052
-859845
-857045
-856828
-855253
-854548
-853673
-853498
-852649
-850691
-844496
-842103
-841625
-839505
-838930
-834201
-833410
-832357
-831481
-827492
-826719
-824714
-823514
-823353
-822687
-820623
-819757
-818782
-818279
-809187
-808234
-807803
-806825
-805085
-798549
-794846
-793893
-792437
-790943
-790245
-790031
-789312
-788242
-787604
-787549
-787530
-783917
-780696
-775154
-774999
-774424
-774232
-769758
-766967
-766168
-764744
-762269
-760558
-760276
-757263
-753913
-751305
-745407
-744435
-738727
-737687
-737016
-728419
-726399
-725440
-724209
-722202
-722096
-715586
-712523
-711996
-711489
-710390
-705734
-704747
-701168
-697368
-696129
-695133
-694522
-691838
-687075
-684778
-684765
-682121
-681152
-679413
-677343
-676116
-675885
-674152
-673516
-670453
-667923
-667825
-667259
-663698
-658839
-657399
-656058
-655416
-655258
-653812
-651817
-645894
-645450
-639967
-636145
-633273
-629676
-625198
-619269
-617049
-614864
-613882
-613246
-612626
-610939
-610790
-609263
-607595
-606179
-601733
-600537
-595923
-595095
-594480
-594176
-592850
-592713
-590075
-588145
-585937
-584404
-583395
-580950
-580846
-576311
-574403
-574097
-573667
-568023
-564627
-562197
-555907
-555648
-553103
-552873
-552411
-552194
-552063
-551433
-548160
-546009
-540674
-539932
-539080
-536738
-533171
-530271
-525488
-524761
-523954
-519108
-515014
-512815
-511304
-510814
-508542
-497700
-495625
-493794
-491617
-491584
-488771
-485002
-483668
-477658
-475150
-473608
-471769
-470819
-470199
-467225
-462633
-461731
-458914
-458673
-456884
-455109
-451568
-450192
-441491
-438849
-434295
-433556
-433333
-430343
-430265
-426193
-425971
-421406
-419934
-416677
-416572
-410727
-408238
-406043
-405119
-403363
-401572
-400056
-399346
-395016
-394597
-394259
-389425
-389324
-389139
-382753
-382561
-380635
-378114
-376887
-373359
-368124
-367793
-366101
-364349
-362355
-362260
-361079
-360963
-355130
-353415
-353200
-353088
-352470
-350765
-349301
-348437
-344377
-342260
-342148
-335923
-334974
-332432
-331970
-330365
-328727
-327203
-325728
-322618
-320949
-318305
-318162
-317918
-308166
-307667
-305135
-302224
-297603
-295737
-286703
-285998
-280909
-279934
-274180
-271097
-267577
-266126
-266090
-263249
-262099
-255498
-255000
-254952
-251581
-247647
-246043
-246031
-245599
-240907
-238103
-236146
-229946
-229611
-225759
-225730
-223038
-222841
-221350
-220787
-219365
-219158
-217641
-217472
-215462
-214352
-214066
-213644
-211258
-210695
-210576
-209213
-208226
-206277
-206039
-205322
-203813
-203108
-202967
-196849
-192545
-191578
-185596
-184980
-183895
-182822
-181892
-181531
-180154
-178273
-177740
-175717
-173836
-173278
-173058
-172069
-167443
-165688
-164066
-162452
-162362
-159911
-158824
-158750
-158482
-157782
-155084
-153769
-153308
-145812
-139612
-139139
-138519
-135384
-128399
-127066
-117179
-115278
-113461
-112032
-111974
-108593
-108425
-106690
-106003
-105973
-105908
-104019
-97625
-96084
-87307
-84501
-84409
-81126
-80204
-79497
-79406
-78151
-77343
-76707
-74335
-72795
-69651
-68861
-59188
-54467
-51730
-51368
-42543
-42374
-40781
-38178
-36656
-34384
-33435
-31057
-30468
-28392
-26038
-24006
-20706
-20198
-17806
-13463
-8078
-5455
-4851
-3897
-515
-180
1688
2084
4783
5145
6111
7926
8818
12701
13104
15347
15831
18264
19915
20371
20752
21657
22669
22729
27167
27469
28287
29833
33309
34137
35458
36304
49669
50155
50974
51116
53711
55250
55530
56361
57679
62050
66631
71463
72670
74349
75272
75478
79195
79873
81059
81063
81858
83371
83536
84008
87926
94775
97529
97612
98690
101308
107222
108518
109565
112363
115511
118407
120146
120755
122093
122477
125458
128268
131264
132978
137818
138951
140117
140543
144495
144912
146718
147953
148122
148847
150859
151071
151383
152862
154178
154233
154506
159148
159754
161356
161706
163259
164452
166603
170027
170626
171097
172461
174550
174879
175010
175640
176800
177131
178672
182706
182936
184206
186506
189299
189838
195969
196364
200921
203709
206488
207284
207809
208310
209414
213110
220838
222191
223848
224651
226480
228386
228726
234042
234089
235661
235860
241228
242747
243036
245148
245213
245957
252065
253778
260926
262988
264912
265353
265418
268681
269099
271441
272080
276418
277695
278268
281029
281784
283621
285097
292775
294468
295000
299665
301891
302505
303032
303870
308451
313961
314106
319029
323160
327437
327900
328218
328661
330874
331911
331953
334310
335718
335806
339092
339509
342110
343911
344015
345213
345824
349384
350495
351054
353749
354544
355010
355330
356636
359262
359518
360213
360606
364169
365966
368735
370869
373651
374127
380908
382613
383862
388547
389323
390813
390964
393908
396037
400578
416574
418359
422517
423722
426494
430331
431274
433354
433456
433861
433911
435447
435578
436228
437185
437372
438337
439732
439907
440908
442680
444499
446699
448526
448773
449886
450049
451119
455149
457704
458097
458309
460048
460076
460192
461624
463753
465587
466974
471368
472221
473419
474258
475673
477586
480223
484796
488694
491720
491883
492098
493820
498308
504171
508663
509481
509859
512296
518438
519515
519747
520421
521942
523689
526169
529408
529567
531470
533512
533878
533998
535398
535441
538408
540407
543266
545613
545765
546892
548953
553018
554558
555582
559310
562963
563418
571215
571595
573231
574186
574693
577702
579306
588204
595346
595662
596735
597884
603031
603230
603848
606002
611261
614358
616619
617754
620663
625829
626287
628414
630338
633900
634504
638751
640137
640157
642701
644687
646194
651558
651626
653120
653544
656428
658387
659566
662081
665117
667916
668421
668836
670889
671788
673045
673159
675650
679258
679298
679599
682763
683868
684233
688874
692910
693759
696776
698578
699551
701575
709576
713361
714431
714875
716604
723216
725326
729754
731314
732121
733054
733254
733778
734611
739946
740740
744757
745275
746554
748479
749255
750616
753270
757026
760880
763301
764320
765099
765890
766896
767657
767966
768390
771065
772231
773072
773667
774243
774329
776362
778361
778804
783260
783734
783748
784017
786655
787191
787520
788021
788337
788628
790236
791363
791750
792646
793067
793484
793920
794181
798252
798423
804794
806245
807419
807757
810786
813082
815507
816468
816710
818408
819144
821607
821973
823432
827133
828058
829651
831212
831979
833402
836925
841131
842517
843501
846037
847514
854337
856141
857723
862969
862977
863714
865010
866179
867601
868327
872032
876290
878144
878947
878952
879858
880601
882177
882303
885876
887204
888661
893718
893946
895080
896957
897680
898899
899399
901298
901680
904344
907005
912312
918652
918799
922476
923742
923973
925310
930870
931304
933460
935609
936590
945285
951167
957447
958731
960291
963151
965354
966108
966823
968165
970983
971231
975806
977866
980465
983703
985009
987764
989976
995278
995295
999093
