999113
998536
996146
995501
995224
994340
991429
991200
989827
989650
988397
987547
987409
986970
985690
985052
984641
983238
982063
981969
981214
981203
981173
981045
981040
979254
978127
977247
977164
976992
976841
976302
975749
975071
974953
974267
974138
973359
973149
972852
972702
971978
971475
970888
969881
969793
969513
969408
969007
968056
967480
967343
966396
965148
964874
964833
964200
963305
962370
961909
961896
961363
958341
955922
955387
954945
954938
954752
954695
954204
953848
953355
953248
951703
950256
950246
949969
949949
949949
949847
949804
948423
947372
947285
946554
946329
946139
945755
945049
944988
944692
944026
943981
943820
943802
942345
941890
941551
941469
939437
939177
938814
938781
938326
938022
937781
937430
934136
934066
933162
932161
930588
930198
929554
929414
928709
928683
927935
927442
927433
927191
923849
923677
923451
923178
923162
922853
922685
920857
920274
919589
919297
916828
916729
916316
916128
916110
915903
915750
915147
915126
914857
913693
913663
913202
912948
912295
911821
910816
910524
909824
909812
909666
909304
908371
908256
907147
906857
904059
903656
903004
902838
902193
901979
901934
901713
901705
901609
900997
900976
900096
897392
896582
895039
894202
893005
891123
890154
889972
888869
888701
888560
888352
888023
887260
885947
885323
884084
883668
883417
883263
882216
882024
881854
881301
880964
879086
877465
877233
876855
875833
874458
873826
872582
872068
871990
870316
867877
867540
866888
866670
865858
864388
864353
863799
862904
861702
861565
860969
860641
860029
857815
856491
856422
855896
855417
855090
853705
853347
853313
852697
852149
852134
851916
851769
851083
850271
850191
849906
848828
848332
848262
846050
846050
845858
845808
845618
845583
845542
845205
844622
843946
843753
842826
842298
840461
840084
839909
839195
838750
838618
838265
838186
835855
835200
834142
833877
833462
833096
832156
831814
829510
829374
829194
828556
827748
827567
826779
826426
826132
825457
825012
824776
823052
822579
821296
820357
819355
819188
818857
818306
817691
817225
816510
815901
815863
814999
812988
811457
810364
808993
808744
808692
808500
808124
807954
807618
807185
807172
806532
806318
806246
805793
804516
800414
800404
799286
799010
798813
798652
798119
797428
797263
796358
795363
794834
794433
794074
791562
790620
790362
789505
789136
788235
787601
785827
785722
785019
784311
783897
783208
783191
782548
781798
780949
779364
778888
778439
777451
776304
776027
775667
773867
773200
772695
770493
768871
768847
765226
765054
764783
764372
763656
763394
762098
759550
758867
758073
757749
756264
756119
755517
754998
754709
754304
754051
754016
753559
751644
751568
750816
749151
748563
748342
747938
747901
743573
743173
742779
742368
742029
741422
741149
740879
740010
738995
738396
737069
736702
736122
735500
734877
734249
729647
727769
727197
726657
726413
725889
725700
724228
724021
723900
723831
722221
720754
720246
720119
719992
719043
718950
717846
717578
717291
716968
716245
714905
713377
713148
711763
711686
711612
710555
710297
706628
706101
704959
704357
703884
703332
702275
702086
701742
698401
697515
697105
697046
696848
696792
696037
696033
695994
695654
695131
694593
693077
692359
691710
690649
690606
690501
689879
689810
688950
687962
687896
687819
687131
686898
686283
686095
684890
684709
684096
681733
680748
680513
677693
677588
677344
676406
676383
676231
675336
674696
674194
674131
672884
672832
672284
671309
670808
670704
670306
669964
669736
668314
668289
668280
667319
667063
664665
664514
664082
662181
662161
661794
661606
660958
659883
659766
655668
654241
652953
652803
652800
652770
652369
652202
651792
651043
650893
649929
649680
649514
648865
647962
647498
646729
646571
645632
645518
643626
643320
642207
642125
640991
640902
640299
640174
639266
638890
638532
637653
637603
637055
634575
632743
632259
632154
630564
629493
628470
628111
627970
625985
624348
623520
622326
622208
621891
620803
620795
620708
620631
620578
620396
619789
618560
618287
618240
617992
616882
616867
615789
613586
613332
612952
612736
612588
611211
609987
609388
608098
607967
607719
607113
606005
605287
604450
604333
604180
603632
603586
601934
601135
601025
600180
599782
598639
593525
593166
592219
590747
590493
587854
586569
584393
582514
582051
581630
580847
580804
580380
579966
579854
579646
579215
578778
578566
578556
577845
577775
577120
574402
573267
572487
570756
568753
568394
567731
565695
565055
564296
563781
563485
563170
562787
562164
561155
559473
559075
558980
558351
557545
556768
556204
556079
555595
554666
554405
554396
553964
552110
552006
551672
551537
551434
549269
548868
547791
547246
547143
547135
546343
545933
544870
543526
543316
543133
542582
542476
542343
541812
541023
540492
539369
536867
536845
536013
535969
535911
535902
534377
534150
533920
533166
531807
531527
531275
526015
525379
525121
524924
524757
524563
522764
522436
521681
521023
520865
520420
518288
516420
516401
516320
515486
515042
514843
514335
513868
513092
512729
511124
509897
509815
509301
508709
508100
507442
507315
507213
507166
506981
506958
506767
505690
505297
505030
503761
503680
503487
503190
501644
499236
499175
498572
497891
497592
497215
495916
495289
494772
494319
494030
493377
492833
492278
491069
490415
489577
488714
487752
487376
486132
484544
484293
482890
482400
482308
482191
481290
480609
480145
480073
479813
479049
478746
477458
475594
474893
474780
474662
474348
473945
473316
473259
472544
472478
471802
471543
470852
470317
469767
469549
469271
468941
468150
467835
466466
465017
464676
464351
462951
462944
462657
462509
461152
460664
459960
459292
459057
458607
458209
457953
457554
457534
456480
455474
454968
453071
452074
449786
448848
447593
446907
445519
445146
442505
441727
441710
441410
440831
440780
440558
440207
440050
439623
439301
439299
439230
438135
437359
436149
434600
432646
431493
430160
430131
430062
429880
429069
428220
427187
426541
425169
425078
425062
425061
424380
423498
423222
422886
422085
421579
421081
421081
420691
420536
420503
420396
418917
418868
418523
417801
416948
416820
416810
416578
416152
415688
414949
414493
413712
412907
412679
412269
411947
411868
411360
410882
409857
409797
409140
408227
407908
407184
405025
404798
404436
403970
403848
403668
403637
402944
401903
401706
401323
401294
400615
397784
397756
397533
397522
397013
395032
394144
393467
392587
392251
392242
390572
390217
389070
388297
388230
388138
387944
387748
387287
387162
386698
386553
386486
386393
386388
386354
385676
385202
384994
384780
384572
383750
381663
381623
381620
380438
377840
376767
376646
376511
376480
375124
374117
373589
371016
369526
368693
368424
368079
365644
365523
364604
364581
364542
364262
364182
363744
363017
362367
362227
361342
359565
358545
358450
358377
358234
357876
357701
357493
357289
357168
356821
356504
355818
353990
352926
351817
349204
347226
346750
346569
345995
345945
343084
341432
340902
340885
340541
339284
338200
336280
336021
335065
334405
333943
333166
332524
331858
331508
331359
330910
330617
329631
328822
328318
328200
328100
326204
325403
325339
324296
323417
322648
321634
320773
318016
316973
316695
316111
316031
315754
315198
313590
311858
311581
310151
309937
309096
307432
306837
305569
303023
302010
301779
301145
300309
299266
298891
298772
298351
296947
296155
294817
293713
293327
292746
292158
291175
290961
290604
289245
289036
289024
288789
288478
288126
286947
286613
285315
284693
282933
282560
282520
280158
280042
279714
279599
278515
278257
278140
278051
276932
276852
276507
275714
275112
273722
273629
272511
271725
271619
270475
270304
267257
265967
264074
263591
263433
263375
263204
262169
261857
261175
260690
259777
259121
258668
257794
257682
257628
255931
255345
255193
254526
254503
253450
253399
252838
252704
251172
250510
250329
250269
250197
249450
249035
247992
247070
246764
246236
246179
244567
244531
242997
242911
242353
242226
241850
241373
240235
239610
239132
239064
236961
235908
235354
234405
233381
232985
232529
232111
231715
230517
230242
228824
228692
228450
227653
227107
226679
226361
226289
225535
224711
224702
224416
224224
223384
221716
221489
221081
220999
219918
219861
219433
218030
217825
217813
216954
216723
215871
214807
214063
212761
212599
211670
211565
209997
209880
209671
208732
208318
206583
206556
205558
204572
203426
200723
200098
199875
198607
198267
197600
197120
196069
194869
193743
192613
192523
192360
190007
188909
188723
188469
187947
187658
186609
186176
186040
185393
185070
184178
182099
182018
181666
181320
180961
180719
179161
178917
178740
178544
178012
177916
175588
175166
174956
174415
174357
173751
171794
171277
171137
170081
169204
167703
166780
165371
165199
164142
163967
163587
162066
162017
161101
159956
159709
158085
157139
156154
155819
152920
152246
152129
150507
150461
150212
149496
148765
148156
147608
147188
145101
144738
143828
142332
141657
141413
140977
140110
140048
139461
139449
139345
137812
137717
137639
137187
134426
133808
133765
131560
129857
128731
127570
127515
127195
126332
125656
125090
124661
123841
123296
121922
121633
121470
120275
118953
118831
118730
118147
116237
114405
113204
113015
112515
108619
108593
107145
106425
105896
105145
104639
104301
103606
102887
102592
102238
101686
98912
98847
98523
98402
98075
97980
97227
97181
95549
94879
93459
90835
90088
89257
88849
87748
87224
87062
86458
85885
85654
84882
84857
83025
82810
82721
82006
81664
81244
80734
79284
79074
78840
78810
78031
77343
77065
76664
76207
75286
75155
74691
74287
73698
72691
72334
71329
71159
71091
70780
70738
70516
70202
70044
69691
69662
68443
67526
66914
65946
64406
63647
63453
63187
62537
62116
61465
60810
60745
59955
59793
59753
59178
59026
58411
58178
57563
57317
56498
56376
56229
55393
55027
54895
54290
53716
50926
50638
50583
49955
49648
49518
49468
48839
48378
48373
48058
46269
46065
45648
45501
45297
45219
44789
44604
44085
42273
41034
40006
39418
38098
36134
36112
35810
35267
34331
33368
33307
32578
31316
30995
29107
28550
28499
28091
27697
27296
27207
27083
26983
26572
26259
25899
24249
23875
23581
23555
22536
22052
21899
21678
21252
20355
19513
19444
18702
18587
16924
16283
15463
14092
13807
13554
13010
12498
10499
10330
10254
9801
9045
7386
5436
5086
5054
3585
3320
3041
2517
2049
703
-847
-2209
-2436
-4047
-4481
-4955
-5125
-5647
-6465
-6838
-6991
-8097
-8118
-8753
-8950
-10649
-11626
-11968
-12449
-12628
-12739
-13816
-13943
-14065
-15035
-15448
-15638
-16536
-16581
-17305
-17353
-17418
-17554
-18129
-18554
-19497
-19740
-20079
-20310
-20712
-20813
-22635
-23330
-23603
-23983
-24099
-25709
-25850
-27861
-28503
-28802
-29379
-30276
-30789
-30842
-31460
-32070
-32118
-32518
-32963
-34897
-35315
-36077
-38275
-38522
-38535
-38558
-39357
-40366
-40466
-40858
-40918
-42609
-43059
-43290
-43699
-44064
-44257
-44473
-47359
-49009
-49476
-50836
-50926
-51300
-51494
-52247
-52487
-53227
-54005
-54860
-54864
-55425
-55934
-55971
-57213
-57810
-59604
-60820
-63010
-63377
-64836
-65896
-65957
-66622
-66700
-67583
-68123
-69334
-69416
-70262
-70728
-72236
-73794
-74123
-74224
-74281
-74475
-74657
-74855
-74897
-75045
-75251
-77072
-77230
-77254
-77542
-77674
-79810
-80260
-80273
-81368
-81490
-82596
-83003
-84243
-84269
-84410
-84553
-85378
-85405
-85596
-86039
-86049
-87241
-87947
-89297
-89539
-89741
-89784
-90586
-91425
-91638
-93472
-94993
-95738
-95760
-96007
-96058
-96610
-97107
-97238
-97397
-97558
-97798
-99113
-99366
-101012
-101097
-102963
-103830
-104061
-104270
-106834
-107825
-108244
-108344
-108580
-110406
-110486
-110762
-111231
-111279
-111938
-112746
-113413
-114574
-114849
-115455
-115689
-116630
-117315
-118454
-118645
-119997
-120309
-121915
-123365
-123520
-127323
-127507
-127765
-128559
-129822
-130059
-130619
-130831
-131110
-131357
-132567
-133645
-136215
-137471
-139772
-140128
-140316
-140604
-141014
-142077
-142541
-143161
-143353
-144815
-145319
-145543
-146104
-146462
-146499
-147882
-147942
-149045
-149171
-149824
-150045
-150953
-151608
-151627
-151858
-153248
-154014
-154076
-155047
-155068
-155839
-155927
-157717
-158126
-158673
-159665
-160374
-160515
-160956
-161098
-162421
-162682
-162776
-163061
-163698
-164300
-164325
-164671
-166030
-166179
-166609
-167091
-167613
-167615
-167743
-168062
-169305
-170851
-171213
-172134
-172204
-172412
-173390
-173475
-175387
-175560
-175688
-176999
-178235
-178268
-178922
-178948
-179180
-179569
-180871
-181584
-182852
-183067
-183109
-183193
-183217
-183535
-184523
-185232
-185407
-185692
-185923
-185996
-186432
-189263
-189459
-189817
-190261
-190302
-190508
-191109
-192512
-192544
-192647
-192898
-193053
-193875
-194235
-194356
-194530
-194801
-195773
-196134
-196152
-196523
-197952
-198024
-198502
-198756
-201731
-202878
-203701
-204820
-205476
-206350
-208699
-212593
-212883
-213107
-213160
-214391
-214432
-214643
-215904
-216202
-217231
-217693
-217885
-219188
-219628
-219634
-219878
-220092
-220624
-220674
-221253
-221949
-223825
-226289
-226722
-227040
-227483
-228339
-228796
-229912
-229918
-230458
-230465
-232044
-232049
-232416
-232700
-233880
-235020
-235581
-235915
-236103
-236652
-236719
-237394
-237406
-237760
-238343
-238721
-239326
-239505
-239598
-239764
-240488
-241008
-244706
-244920
-245335
-246295
-246718
-246948
-247224
-247524
-248023
-248369
-248779
-249098
-249267
-249673
-250471
-250915
-251184
-251649
-253633
-253889
-255744
-256463
-256695
-257849
-258846
-259485
-259582
-260275
-260614
-261625
-261820
-262101
-264132
-264534
-265507
-266304
-266923
-266951
-267124
-267442
-268085
-268094
-268382
-268576
-269884
-269885
-270096
-270828
-271298
-272101
-273167
-273259
-273650
-273722
-273801
-274692
-275516
-277192
-277592
-278013
-280287
-280874
-281007
-281574
-281984
-282163
-283801
-283885
-285861
-286198
-289554
-291276
-291845
-292158
-292619
-293478
-294777
-295733
-297298
-299843
-300210
-300213
-300808
-300871
-301641
-301716
-301838
-303231
-303384
-303477
-303534
-304364
-304946
-305106
-305604
-306024
-306028
-306207
-306376
-306603
-307173
-307190
-307991
-308238
-308414
-309074
-309218
-309954
-310130
-310351
-310407
-311332
-311408
-311942
-312374
-312427
-313193
-314600
-315337
-315850
-316419
-316509
-316925
-317283
-317479
-318538
-318614
-319725
-320330
-322066
-322106
-322245
-324845
-325510
-329111
-331714
-335048
-337018
-337563
-338027
-339187
-339679
-339736
-340144
-341146
-342654
-344835
-345686
-347173
-348043
-348687
-348886
-349707
-350284
-350902
-352995
-353711
-354141
-354753
-354861
-356490
-356546
-357919
-358291
-358522
-358692
-359251
-363053
-363285
-363546
-364851
-365060
-367292
-367506
-367747
-368378
-368991
-370672
-371334
-371557
-371789
-372585
-372817
-372913
-373072
-373386
-373949
-375129
-377088
-378373
-378578
-378650
-379191
-379814
-380939
-381170
-381278
-382263
-385419
-386879
-387785
-388088
-388307
-388538
-389119
-389455
-390019
-391334
-391886
-392494
-392574
-392816
-393116
-393742
-394203
-395446
-395833
-395905
-397354
-397407
-397790
-398464
-398557
-399050
-399129
-399359
-399659
-400991
-401771
-402757
-402803
-403514
-406798
-406898
-407498
-407606
-408227
-408398
-408619
-408733
-409407
-410617
-411213
-411322
-411475
-411569
-412395
-412971
-413064
-413112
-413559
-414528
-414837
-415740
-415873
-416021
-416105
-416343
-418253
-418513
-419689
-420303
-421235
-422026
-424418
-425220
-425639
-425664
-425960
-426240
-427979
-428029
-429504
-429822
-430048
-430944
-431713
-432539
-433403
-433915
-434088
-434916
-435118
-438084
-438261
-438475
-438825
-438924
-438971
-439863
-440666
-440894
-441143
-441383
-441712
-444577
-446389
-446757
-447601
-449304
-449878
-449935
-450209
-450422
-450473
-450983
-451725
-451791
-452472
-452769
-453644
-454903
-455731
-456600
-457498
-457549
-459135
-460131
-461275
-463280
-463985
-466428
-467370
-468163
-469189
-469681
-469785
-473047
-473869
-474071
-474969
-475297
-475978
-476491
-477147
-478614
-479029
-479529
-480231
-481043
-481302
-481545
-483872
-485179
-485927
-485969
-486288
-486373
-486447
-487439
-488331
-489927
-490910
-491990
-492145
-493712
-494251
-494293
-494310
-495482
-495839
-497798
-497841
-498106
-498513
-498834
-499252
-499994
-500240
-500603
-500896
-501624
-502252
-502352
-502407
-502833
-503363
-503904
-505766
-505917
-506861
-507242
-507802
-508065
-510006
-510827
-511097
-512031
-513190
-514094
-515960
-516366
-517235
-518395
-520126
-520661
-522715
-522760
-523134
-523830
-524203
-524873
-527106
-527984
-528037
-529315
-529366
-529405
-530183
-530277
-530441
-530448
-531818
-531992
-532417
-533320
-534624
-535892
-537631
-538266
-538599
-538844
-540866
-541272
-541386
-541656
-542158
-542543
-542853
-543161
-543213
-543367
-543451
-544129
-545453
-545884
-546322
-546443
-546587
-547058
-548418
-548656
-548974
-549617
-551044
-551642
-553129
-553275
-553790
-555363
-556240
-556425
-557278
-558062
-558675
-559077
-559520
-561556
-562413
-563041
-564128
-565142
-565379
-566100
-566291
-566508
-566845
-567149
-567279
-567522
-567753
-568780
-569542
-572496
-572711
-573758
-574039
-576578
-576619
-576963
-577133
-577705
-578227
-578563
-578759
-578787
-578899
-579028
-580487
-580737
-580795
-580930
-581907
-582028
-583626
-584099
-584462
-584514
-584791
-584943
-586703
-587171
-587238
-588022
-588282
-589943
-590361
-590562
-591117
-593387
-593757
-594596
-594972
-595886
-596573
-596703
-597018
-597244
-598321
-599293
-600534
-600582
-602699
-603190
-603295
-603570
-604362
-604383
-605030
-605350
-605512
-606840
-606876
-608270
-608645
-609912
-611224
-611971
-612333
-612564
-613321
-614889
-614994
-615154
-615630
-615917
-616611
-616656
-616793
-618975
-620462
-620471
-620912
-622764
-623888
-624243
-625577
-625697
-625963
-626008
-626578
-626645
-626729
-627382
-627612
-628300
-628403
-630511
-631847
-632002
-633214
-634096
-634297
-634532
-635202
-635546
-636266
-636369
-636514
-637802
-637946
-638807
-638819
-638841
-639095
-640107
-640227
-640724
-641267
-641326
-642594
-643944
-643982
-644486
-644910
-645308
-645506
-646739
-647309
-647370
-647388
-649003
-649652
-650244
-650414
-650996
-651292
-651540
-652760
-653021
-653275
-653691
-654206
-655116
-655588
-655787
-655869
-657145
-657611
-658582
-659524
-662350
-662865
-663020
-665907
-666880
-666901
-668001
-668525
-668539
-668668
-669772
-670047
-670372
-670615
-671826
-671967
-672202
-672956
-673138
-674164
-674429
-675592
-675602
-676938
-677329
-677653
-677696
-677853
-678148
-679013
-679908
-681198
-681383
-682675
-682801
-683012
-683893
-684547
-684625
-684927
-686027
-686652
-687081
-687894
-688416
-689117
-689662
-689765
-689889
-690402
-690613
-691555
-691681
-691857
-692045
-692355
-692434
-692493
-693288
-695551
-695890
-696878
-699190
-699368
-699647
-700278
-700943
-701542
-701924
-703016
-703710
-704232
-704478
-706717
-707089
-707464
-707997
-708096
-710196
-710699
-712766
-712921
-713387
-713418
-713872
-714351
-714562
-714893
-715049
-716380
-717050
-717312
-718279
-718333
-718959
-721721
-722943
-724610
-724864
-726987
-727885
-729595
-730232
-730238
-731221
-732773
-732876
-732990
-733307
-734712
-736256
-737888
-739143
-741063
-741293
-744834
-746429
-746933
-747456
-748033
-748178
-748236
-748680
-748907
-749447
-749906
-752681
-752958
-753477
-753671
-754683
-755091
-755587
-756856
-757201
-758092
-760121
-761984
-762671
-765187
-766169
-766357
-768905
-769310
-769744
-770464
-770809
-771268
-771385
-771503
-772636
-774121
-774266
-775851
-776682
-779148
-779154
-779324
-779366
-781771
-781896
-782184
-782630
-782731
-782761
-783167
-784101
-784515
-785736
-785833
-786029
-786931
-787250
-787352
-789121
-790056
-790270
-790997
-791409
-792533
-793328
-793908
-795173
-796851
-797182
-797538
-797844
-799276
-800179
-801535
-801981
-802423
-803625
-803878
-804946
-804967
-805202
-805403
-806716
-807989
-809115
-809407
-809570
-810037
-810344
-810552
-812072
-812095
-813118
-813469
-813557
-814516
-815576
-815730
-815741
-816146
-816728
-816750
-818125
-819384
-820299
-820632
-821226
-821827
-822976
-823563
-823617
-823692
-823939
-824005
-824377
-824559
-825209
-825560
-825989
-826604
-827013
-830208
-830565
-830689
-830934
-830945
-831024
-833722
-834085
-835780
-837367
-837374
-837796
-837902
-838279
-838769
-839786
-840072
-841077
-841599
-844769
-845574
-845715
-847136
-847300
-847860
-847926
-848203
-848756
-849066
-849142
-850249
-851146
-851420
-851906
-852480
-852609
-853420
-856563
-856801
-857836
-858716
-858822
-858965
-860510
-860789
-861208
-862122
-862817
-863129
-863236
-863250
-864827
-865721
-866825
-869413
-869818
-870507
-871172
-872117
-872383
-872521
-872999
-873850
-875609
-877090
-877677
-878156
-879483
-879513
-879913
-880083
-880274
-880609
-881427
-881877
-883022
-883238
-883332
-884074
-885620
-887713
-889080
-889103
-889373
-890746
-891044
-892166
-892396
-892411
-893163
-893269
-894069
-894307
-894501
-894930
-895852
-896398
-898663
-900221
-901182
-902497
-903010
-903184
-903972
-904105
-904219
-904531
-905712
-907170
-907458
-908638
-908754
-909176
-909319
-909535
-912516
-912575
-912694
-913416
-914401
-915308
-915353
-915559
-916136
-916138
-918114
-919026
-919139
-919371
-920168
-920298
-920877
-921263
-921640
-921645
-922960
-924193
-924243
-924914
-925370
-926128
-927033
-927128
-927763
-927977
-928155
-928446
-928481
-928605
-929134
-929912
-931183
-931204
-931409
-932014
-933391
-933657
-933695
-933767
-933990
-935493
-935660
-935853
-936978
-937286
-937649
-937965
-938811
-939138
-939195
-940091
-940844
-941084
-941683
-942441
-943175
-943908
-943984
-946128
-947721
-948131
-948479
-950741
-950827
-950859
-950892
-951956
-953900
-953923
-954533
-955938
-956806
-956885
-956901
-956909
-956927
-958234
-961133
-961652
-961699
-962296
-962529
-962948
-964796
-965184
-965266
-966096
-966929
-967991
-968057
-968327
-970561
-971647
-972898
-973276
-973451
-973545
-973759
-974132
-974740
-974770
-975279
-975409
-976391
-977238
-977269
-977316
-978812
-978996
-979009
-979615
-980015
-981410
-982057
-982080
-982080
-983789
-986483
-986486
-986650
-988367
-988929
-989561
-989641
-990670
-990838
-991726
-991755
-992214
-992517
-992825
-993077
-993452
-994352
-994407
-995586
-996350
-996392
-996493
-996927
-998445
-998606
-998868
-999806
