270247
-471588
939741
542086
404804
-597653
-534955
-431715
993693
47358
808586
600012
-616109
268973
-823414
8485
-415245
542519
-804919
-771002
-859841
642128
-616167
936813
90368
-952172
833142
-268019
9044
158886
-757367
384053
-45835
4487
-739857
530215
-175858
523325
-169445
-202260
991717
453992
-533412
778657
621979
-603229
899472
106600
-241833
930384
972480
380206
867311
-254746
91334
-535391
175483
-103233
618401
817218
582087
-757926
-8927
959467
762481
902853
-891651
-166530
885253
630317
767079
587907
777174
605769
-57005
-857149
-859308
-940208
-124798
-761969
-341081
-138537
753591
270953
-51543
-610168
511411
-159544
-831936
419602
-96236
-968857
123427
963812
-222964
-302645
329488
732183
-657952
-487616
2691
-766815
-435191
367852
825081
709949
175589
87974
-666134
-980019
-695702
-979399
185390
-135677
-720507
-482959
273042
-949031
236373
-553393
570860
-484115
-650094
-376077
680226
-681982
-222601
871276
-264387
225729
567372
-773305
980528
-960470
-108742
981778
466542
990870
320440
-559513
-605723
-461565
-52784
-411010
-525613
-970550
27329
-973788
173723
-877556
-422348
-585855
631441
-804213
202614
-101475
772616
502337
369645
826197
284507
-324556
-854194
578747
-793541
-461256
-828410
-840625
490561
366310
78594
59910
-598145
-91578
-584508
-830584
441876
134171
541001
353582
-611757
-11049
559793
-432562
-966165
406877
703808
-781950
-438776
713021
561194
-700967
686470
772533
-714467
-208387
371820
897979
-456421
-783704
-986672
496319
-827762
120939
-459896
96950
-2620
-628551
806603
-244560
576627
660685
160079
171313
-704498
-812211
565281
-650556
-113487
-76742
-346648
-981126
-248181
-951421
-537151
-847677
-270418
892373
-814737
117709
-168087
407344
306716
-891894
-878254
-493858
-80884
124188
267399
665979
989009
49271
-293008
-26309
-149716
383891
-595877
-71994
967818
-226824
892404
-150015
368540
686225
-624796
-683810
-472433
752815
332094
275881
914680
-963836
-815141
-416729
-581650
323882
907830
-106529
762558
935307
-340823
882956
-866697
-869092
-797880
397677
-697792
372265
-735989
-22771
-567089
-607578
992887
797902
576722
415109
186003
-43619
289623
-671721
816652
194727
390303
860303
490852
-774173
-219912
-549804
-444264
568803
-970360
-513348
415820
935354
-393317
-691905
791548
-170592
817896
-777380
-138515
830168
806518
700616
502151
777183
935015
-386553
-425800
-612531
740342
-449783
-414619
517851
-453501
-516025
-626004
140476
376253
-358650
-491665
372468
-376675
995038
-717798
915256
-733894
-379661
-335128
231478
-648278
330405
-154976
666522
-542660
-428885
-574810
293333
-515261
-903886
-53057
-281736
-766251
981269
-349765
-70226
-835935
769621
172755
527230
258437
630925
31433
860935
430163
-486331
-914076
-900981
-195573
144725
-77618
562020
349179
-166239
588858
-465393
472012
973608
-123023
534910
830117
669701
537992
800066
419429
880554
637404
914234
307072
-275951
646186
-102777
301743
168984
-695229
-848257
502169
990122
760251
887463
922872
348958
85449
-986744
818835
591550
-91677
724182
958051
-873105
-389636
-282850
756502
-200969
335072
-737150
-785986
-655155
-704077
280512
850832
-646759
-588646
-413559
-410519
-944279
678393
-750812
131044
-949522
545544
-955736
-620333
-368262
713606
-259944
-712506
-536413
-654055
-966990
-284498
179682
286429
370181
692637
586590
965447
633963
92969
246021
432207
478582
-982485
-754622
424831
305485
803103
655254
-282581
-747059
84143
-878990
-70417
438917
504154
327893
-247451
-275507
218449
-652268
-593795
-848036
-689279
-451476
434675
-818104
998476
732387
-52435
-225721
498729
742922
664001
454793
-716617
622104
-265764
-620451
794911
974104
898609
705237
-406221
639045
193560
65065
-708770
-548282
231083
11511
465773
611701
33739
-418059
-952593
463344
-957294
-526799
-272506
-57125
606576
826227
934668
-384369
-750297
-864166
-93440
440725
820499
-998954
-327150
-703564
-763754
-961690
-494536
685020
217956
3569
-756562
453752
-897663
-460453
-770184
-314770
-853976
935368
-223091
480032
-14382
625203
199024
309091
730939
-526905
365100
405160
-628983
570022
787140
807164
-379529
941568
-290095
-277749
-452376
-751675
-483197
-865144
476446
468789
-306758
285650
37723
62102
-218902
-803732
-539096
293794
65009
368725
540675
391627
930977
-946946
-502691
-953303
653380
49301
-29440
-934597
118392
-174446
-301701
-928322
-106683
744621
224633
690482
-497221
-25326
-881253
603452
-231007
517331
553520
-409479
667520
623236
960463
-136492
-235948
563954
-827923
-597663
-932220
-23169
553211
-663085
177911
-964203
138043
160196
-75776
-544529
305907
340861
692362
660991
160392
-418262
-375
-500224
595836
-842860
-963686
-111347
-185345
547942
-53753
-438734
378681
-89695
377595
909333
897056
173699
271179
141148
-270671
986710
-336187
340606
-715055
-498193
-433017
74314
-668972
366699
593005
573269
197883
344728
396967
-432964
597907
855252
264258
708970
903027
-833017
-487775
-783924
298390
-841144
86124
939661
-783241
297481
858779
53887
691850
-549804
-953058
-534375
-530565
-337968
-104428
588775
-269791
-941498
-351554
371989
338225
214088
-142846
-137912
-778548
190500
205814
733055
840260
-654850
-219068
755703
-902548
783849
-146685
-14878
-765919
819744
799888
-462928
-17808
540375
565346
-19853
-753850
721526
-548129
452264
-15632
888578
-729698
840929
-328514
500192
-866682
-447086
-563356
-660030
-315951
-459769
316015
-397433
230129
-728047
-86596
187041
791904
-861585
301917
-547410
-437374
-12288
-40068
-533516
-522111
48664
-846893
560830
491453
406466
-745890
500285
-935635
459708
-614998
186116
-569560
455106
276866
-847417
529788
477704
-900274
-320017
-539815
-546198
-647358
599610
-197240
43565
-917625
7246
744834
636041
854754
496358
-635635
828292
232061
488068
93523
-446700
555088
-997090
726225
96121
-578330
-639555
-440969
777694
-753486
-487568
183185
-128879
254319
966389
831970
420441
-119455
-736274
-507147
-882479
239546
888101
313005
-976648
853044
899583
-186715
190408
648749
639777
976024
-836740
-17674
359897
636956
-536821
-505192
-523777
695237
-463438
-172700
604699
-194971
-363930
-306844
-704279
389527
-750466
72697
-44049
329208
-724393
172176
-936023
-680898
146755
-465472
332207
-877409
-1867
929957
362646
935469
-827170
-48300
323037
673931
249543
588830
250851
951077
785066
465141
513065
-681260
86543
810229
255923
717155
612101
-86271
287100
267883
430392
288072
33182
488912
-833955
-820146
181435
667052
13011
-202189
-15681
-114964
448694
29196
-259342
-644962
-635267
-633077
283048
-463447
-564450
371384
783385
621769
-795478
-532765
-252768
154109
-85428
-70399
-481299
387922
789877
64489
-929366
-145660
-47949
929528
-452153
72817
634842
-305950
679476
-699259
-268412
794907
-600181
967593
-397387
272867
-550843
-708586
829080
-851221
-706877
-389294
534367
448413
-63935
-875951
391508
176881
32746
-303810
-879477
45261
643933
-56450
-375000
-703027
189103
-129313
-907829
-782239
-537807
543667
810305
-131666
-700659
864268
655633
-796127
-332607
-727407
-226836
-496416
-238045
223582
-81199
609008
-652386
67377
-66401
844506
-415618
-511021
676625
-448740
604690
780837
127290
-778808
-834906
-664394
-649011
883209
542991
-95599
507712
710383
103154
-755544
-412530
329535
650912
-923231
-935948
-351787
663358
-462434
915381
272458
-939151
396430
498851
852076
-476514
-507659
-647863
-430522
3517
-324082
-528868
-602719
-148490
371458
26257
-784205
-264191
925727
680715
666969
-482418
399219
457620
-660161
577542
815341
-475105
-73214
439446
-988966
344331
-263092
799929
930276
299339
370730
204336
-240949
-485790
-351979
-790018
345982
-607787
-563643
-899799
433265
473483
423449
269336
230036
515313
-644082
-257272
-455270
-888405
726067
-8492
710962
731335
376664
-444731
93294
-186428
-616350
-307009
-442165
-726452
-941859
-308981
543519
-702196
176616
-12708
36408
-700665
-852579
799850
-823080
127702
84368
247749
77548
294710
-706182
455683
-137871
991322
640867
-629627
817929
72102
-796281
-386916
-659697
764336
-416085
200404
537381
292349
-122191
-567476
462688
858018
-783987
-260942
80887
-230547
25865
368186
810764
75868
-965972
33256
348316
212496
-309689
585586
142313
239049
-251511
-129159
972473
-35073
962382
-863971
-670546
-259833
-799403
185217
253857
569676
106134
53671
561920
253259
-347447
-88508
-794203
566070
-955007
980160
937043
-239090
-589880
346945
-218830
-25124
-414886
-82359
-995810
-183193
457610
176482
-415843
749246
-670660
-14982
-522236
445689
-2603
-146750
-179677
-981901
859684
-510774
-360734
505350
-780864
437490
-932105
-778151
-599822
255568
363772
-392240
-344988
69945
387789
70121
203941
875411
-889855
667832
-401376
535297
-541371
-422407
-167932
-609553
573513
641317
-270069
607872
10587
576664
448966
436968
-589397
-552804
510661
733527
892966
-52712
423815
275757
-549116
-550580
-831657
-875722
158451
33513
-692199
-313507
-353700
10668
484538
-269034
554146
-808846
-722018
-880426
782423
-975779
-625859
25791
352336
370810
35339
924857
-548129
-192921
635919
627211
-847533
785224
421603
880707
-62209
-811213
-357720
-157132
464438
-225941
738988
805558
392655
-551342
37325
368944
-84320
291448
614016
-266721
-123160
962343
810117
621197
-935983
-450626
-537179
997853
-798341
-509615
-778800
-978627
900812
-412649
86100
465633
513286
-152494
898125
943024
-284152
-919558
213849
-958742
-953694
-267890
12710
81097
-621145
-859525
-215925
-48728
-45562
-568793
859951
526635
156007
-1381
-885525
819270
311139
869484
561869
881133
-599999
326902
286938
-339977
-967276
595470
-379808
280469
-896802
-754494
216135
965473
-801673
-48993
-222484
-856702
-529723
-64412
-106530
641543
319609
-934975
60344
343898
-392416
-112007
527579
-45341
743134
932475
655706
400186
-963415
-319556
479607
-128862
-381093
-879506
610129
304558
346570
94673
-303456
-47274
-907382
-373669
-395760
901400
885574
-248652
-852203
820505
833055
-150922
3501
105093
-883072
-911174
86598
-28246
-908141
876917
590063
312037
-318199
186337
-924572
-800929
-354332
687437
-673407
-956217
908530
268199
-558570
-651732
-266333
-407352
-847044
245581
369246
341420
-671888
-919542
-22818
-562303
-775519
-359980
360516
247667
-866584
-336209
573918
339331
195938
127312
594330
-778044
915323
764920
-188260
-545612
-643854
137992
-546399
266776
-682300
178258
523221
-338738
446712
928614
-240218
-216018
-529087
-924527
753350
-18625
760273
-123432
-871552
910356
-255085
-789462
-358666
281374
-747154
350682
83119
-979201
-384217
319696
587139
902715
-588239
477093
199505
557599
-161001
616734
-319186
881551
-99453
-762115
418784
-196269
-193469
379776
707800
943184
-57120
715831
-598532
-864668
-44846
-592193
801363
507603
-516869
-525149
-114266
842897
-933269
823342
436073
858863
658341
70219
-615942
932965
-795477
-553003
851089
-793507
-422692
-437744
-264082
-148115
417033
-360711
526244
742961
-362836
676953
963391
-383383
-43484
308216
-870745
-834285
-499123
-840654
903764
929442
-440641
-538883
542042
-416823
-423348
270618
-322080
-330715
244481
-373584
-895984
880267
-713207
-141446
-208954
-471937
-569121
-632944
-450508
291741
-469840
-279265
461942
-165442
-232341
156240
-370302
523865
549859
920807
-216376
684214
-718967
622144
-118309
-375970
-473782
46030
-941072
-640206
-251187
-724964
44579
143939
-204202
-999628
-264144
-944756
-797295
-724171
621418
746006
260251
-809182
481484
418085
806867
602839
359306
663722
650394
-905372
610690
690480
825096
26372
-690217
238192
864122
124430
71005
308226
617764
-448671
179644
-692303
274159
45195
834280
212440
-143172
481451
-294802
-95694
-117656
719032
-739483
-977705
-657434
800198
313094
-559930
-604524
182663
634816
514036
920751
-777616
482890
-317395
-22970
-488456
544455
456958
-186872
630719
617862
75286
39746
-787979
-83849
-955992
56481
514721
779434
945732
491578
-750085
-961332
-352798
180967
197098
259203
690016
415443
-435257
262062
629126
592703
-102354
-426080
909641
-32936
-30466
-714856
-662567
-260339
-427637
-818667
221217
-609823
-819233
555593
-498011
578967
-909155
152504
-451213
314471
361911
-824628
-377607
-753705
704637
650047
60053
674241
-563998
862557
-341858
96048
-834778
-823151
841274
147365
822501
-97275
664410
-694982
831358
-887365
159143
621104
-711743
960390
-322430
-460595
935840
349662
140191
955551
-791897
-536442
-383555
176244
-797977
-86188
-849992
-453795
-456668
-66486
-789523
531827
326280
-222743
-356250
724636
427850
-966545
752482
-240581
310065
271588
-14649
90022
198210
-277265
258430
-69545
-863591
-179348
-564964
-992422
-624089
-708052
-995901
440840
-163423
263213
-45564
-772309
53360
-725484
-331649
201992
-941771
78192
232446
252236
586937
768579
-157448
775614
-75297
-508134
161497
-478946
-932524
438470
970654
-272538
784812
-332773
909078
-251079
-646228
36581
-587212
188280
291416
592047
-429432
117408
344106
261774
-274132
382722
-272574
773125
247112
-655001
333087
-498011
729662
-222442
-984190
767912
700020
113662
-466507
-395443
-70142
638862
-830819
748093
59541
-684893
-774850
-641212
-140027
147223
405217
761071
-266805
-999678
75236
110999
677199
33579
946341
858344
444371
537100
-674190
-445574
866715
-290886
676520
-986322
-484261
-898998
-503623
602714
-82854
813949
-615612
-386488
-171704
933971
694754
552652
-120506
257991
560542
-143227
-581655
-344937
782698
-761968
-354119
-853122
-53415
-347274
959459
7151
-636518
337112
858416
654287
-899705
879036
-286064
105105
-319223
-829328
576406
396994
-535989
-180150
-605341
278893
-400785
-836417
-158269
-797309
-178864
358670
-44556
623892
976398
-909307
-285787
-534714
-512978
327700
-728213
-497283
-726032
-61044
258074
317140
-167200
-450814
-95083
968392
128901
27950
307597
811697
-989250
5769
-773689
737657
-453014
-957999
-107800
-696924
-573699
866335
-87413
40396
-304838
-236244
93640
-150871
-662414
651654
738981
403994
-390352
137299
-496514
159237
-877933
-86778
-303628
520411
-665686
-291131
740996
-347358
-822787
-988471
69204
452042
525546
-388704
464010
-386289
-213357
-499754
952116
719630
723151
999445
951494
-719845
964023
-526835
-599840
-564771
189009
599995
-137307
-268733
960169
-679796
506760
-867254
758261
-208112
565349
-211944
-992588
-920804
-153050
-923272
390690
-820794
224208
-812339
203841
-287859
-13960
-69261
585511
-341061
-693403
-241280
-958591
-761771
-349764
-120453
762173
-942432
383991
-466425
848343
612310
-4605
-551164
-518870
-178520
-656428
84429
-901165
-284343
596010
-576788
891672
600964
-651204
740171
-203222
515581
268778
-214701
-101720
-500688
-708238
142772
30176
395891
903939
-59786
-25691
712369
571864
-843343
841939
301260
-108959
-295212
-419785
-469478
393454
-51525
-966793
957841
-757991
855715
-289930
-327748
668725
769261
443726
-97205
912967
-404732
297499
829058
-360220
55072
-380726
-664712
265490
-69364
-276987
802011
369015
497433
449030
-66452
515527
-211868
-649792
566504
-736639
-19383
-61508
520503
617786
-876726
-798151
948680
363338
-158249
-740805
-532172
451825
-495850
54880
-370216
-734097
815749
-713998
636162
-804967
494631
-244049
176457
-377380
279237
-98575
724047
797846
371900
-421471
678116
468784
-361417
-721059
-394428
-853985
658301
-586703
435360
-168296
262864
-812029
-59754
682203
668281
-312842
-997343
-395556
262388
968094
-103254
938382
-78381
181125
-529262
-139436
490285
-468958
-975881
651451
-763197
893867
974534
-933504
-168852
57781
-319953
-990304
926874
772140
633633
129904
-552634
520573
113706
134690
430515
11481
312030
919489
345798
-794726
191246
181017
534883
-393823
-333008
-547646
949274
896572
79877
-348335
32269
683175
-829371
-11521
530322
-777703
758523
-903239
-686541
-360114
-851233
-142396
-984486
271548
864706
593821
-95334
-51085
194180
112551
537273
163209
915091
895944
958377
847624
-512200
314048
-821047
-334513
-281435
697849
124224
638017
-131544
492443
125194
-744771
-610606
804920
726085
850929
-501354
221413
200342
-390842
-327246
-266473
254859
-561228
416948
926859
359340
459199
310462
485155
-594296
-660621
-74650
224486
-927551
-168277
697849
55110
577676
-735672
-394549
-838841
-479542
275337
-623485
648834
665862
-279513
-549753
227054
-88494
884184
-998622
-866745
-127292
-300836
-677396
291630
-699993
-829920
-930553
300472
432318
-547650
-415835
-538805
281035
762054
504330
-675195
229864
-879574
-710122
350545
394962
522028
-585663
-781458
731924
-981393
984360
-769090
695426
650875
962076
748724
-377843
-798213
672879
392638
-426957
-598400
-503772
-235571
-652746
260366
-368428
-13051
880045
866755
-542383
929037
858902
-274380
-152194
-419813
-280649
-910633
-35078
-501673
-525372
-238837
-273112
42482
368636
-898647
3341
244046
122984
-35566
-10806
-686240
-214226
-734163
-404954
446736
135585
99489
237270
-738982
-391649
-919093
286030
-304747
-821151
-116353
330927
243872
-856589
700490
-239377
908707
-437718
-157543
239729
652449
-448145
233767
-482022
254908
-9973
279047
716348
-488983
-716537
748566
-984200
446742
-146367
-538483
-511357
-1176
-430821
-39140
-324915
-265570
710569
-955985
606187
435429
765201
-624485
888062
859929
-23420
-859220
-63052
807311
655472
-917454
-380527
-86915
-390506
-663596
790072
-331543
-697491
497724
-66978
210226
888561
-559955
-277046
227779
790569
-734968
602103
330903
-190353
-635904
-693337
-613930
-528449
-788610
-980917
52262
-725947
480146
-670359
-920974
-596477
671863
412763
558488
583716
-772800
-74971
842179
876590
412571
-482698
-90828
434418
593162
663815
740375
456795
-730112
-460011
-202192
408375
-803468
-369450
39047
-213130
553399
909823
-354939
-870854
131250
231890
-139580
-523624
291690
644418
-33332
-326027
-487633
-691936
-167307
315169
165455
555986
536589
-904552
672735
268719
-493964
-400448
734701
-363424
972064
694536
-285577
-353866
510740
-161251
-298888
-885597
-121065
-401653
-857303
277287
760325
198644
-504233
-922282
516336
-283962
-638901
284600
-282176
-706553
160513
-808194
575933
616504
534648
989554
843372
-528892
713128
-525072
-575213
-105932
959985
578592
487841
-335388
-349646
857185
845563
-634047
132642
-291477
-619173
-176745
633638
561119
892242
-102725
-822987
-81185
735947
726717
-523841
-255752
-297038
680386
-518716
7797
-593711
-433900
487850
359944
-264758
612420
-237512
-231105
671828
184663
-131377
487036
610132
-766604
-53194
102603
-905127
-254465
-591874
-748743
247641
-458937
-702850
-505366
-777682
-868571
-709732
-266393
503712
720288
126310
999506
-778409
-54629
-688209
-435723
-457508
696731
-523214
736846
157190
-827970
868997
-712809
-35057
-841587
784680
563515
-18498
866111
-963147
-345635
-150942
-670067
-293515
-869815
155695
-414584
-874462
326903
-683801
-410102
-849114
-208711
-612042
-948876
-432231
662059
-283080
-798198
-720441
-435804
150070
659176
-766677
684371
558848
-100185
-362056
851322
571582
202604
-96540
214810
-701302
666399
-511214
-762868
267727
351715
-655706
805411
-366545
12023
-784830
987254
958021
685242
-730758
-94348
-82523
-342457
651786
-144560
275114
967684
-116501
-934268
-814408
-771532
885326
85210
608609
-603607
-544402
760531
-609967
-262515
-43002
716264
-252417
647060
478553
58679
415536
469061
215031
-862887
745394
-732907
-79749
83909
945537
138747
582387
-622410
992916
533316
441652
762359
-647983
750683
948817
192314
-73882
529288
-991386
-987040
562895
424819
-227385
-101516
-673187
355591
820093
490901
-533961
991014
746443
-421260
708259
959372
404672
731485
167957
-55062
-820124
-370621
-743665
-73759
-833691
-233750
-788674
-305640
995919
-313686
179317
-248092
-914545
839512
-544151
-766309
457401
193449
-197238
-17716
973111
887733
663692
154719
873014
-827308
-841803
464480
-103563
-83065
752805
-920162
84180
-125747
738459
564612
-587119
-304151
-761576
-350968
-101310
151366
870227
-87399
-258517
-778567
-255507
920321
-679996
751782
664175
-274530
-325312
445415
-419360
-937105
171350
-313597
-554691
869730
447762
386022
-49402
-602738
-757471
793498
475568
896988
502516
-663117
994315
111677
-863287
244677
221601
-793164
-721157
250687
227921
-159570
-918722
275318
25144
13898
735355
110378
487049
-75670
424734
156011
717527
491296
-991059
333443
-625326
-661798
-939699
-438692
627154
-373415
723375
-340853
243822
-845060
986452
-493684
-212244
-853111
981082
829056
-272778
-443962
-14243
798735
-510783
-305722
-709423
335055
636577
826429
-1919
-974320
-163038
-492159
-204797
-264794
669985
-721434
733179
-429498
-56816
-123416
547136
861269
305695
-667622
-45356
398794
-300685
438772
689135
-909363
43744
-134994
219094
-361183
250444
543254
38897
29849
269611
536972
925487
786460
276620
-240280
853770
8530
-802790
952244
-685495
-807672
-797851
139342
208273
-418566
446473
-473894
-208033
697211
-861096
-236366
-172489
-583478
-26689
786566
567569
-194153
-505513
271373
-376035
-717299
-931473
-365809
999909
-955329
-482932
839185
664190
-116389
-113971
755340
62322
-897311
-154366
530500
-502926
-337607
438726
428494
100774
526464
57088
566908
834365
351281
-509990
798577
310585
-332772
-950216
-159208
-785776
-564718
-966085
758312
-200180
700417
689849
-484318
299880
943372
736532
220048
-597555
526018
833715
-484506
-926828
280714
203943
486413
571495
771236
-160370
277602
-803290
615086
-27784
-680032
-544599
814706
-917001
-580038
475915
-819563
4077
-526481
384637
954553
316952
8333
861832
-477535
423925
423146
-142056
-318814
703839
889708
-954523
-399369
40458
-419569
549011
530307
841334
732208
110326
-664630
-605074
439526
-345961
-958656
933326
949383
-961268
547836
-505070
505157
542488
705169
-793964
541020
2781
775506
-426813
816634
665555
-696026
488726
481087
-313714
-313786
-841645
779707
-88016
-289136
243874
-702013
-563408
402691
-32707
488440
556929
-588917
408929
702548
-220394
-103533
823158
-223460
155486
387909
-522293
-495658
770033
-331283
847243
37093
-379855
140596
-235984
-379330
-79556
-542599
-956720
-512928
-527830
-185072
255063
920922
593636
569399
665571
583900
801453
-602061
438179
-114671
379728
683056
963556
-188101
129441
-39683
629401
-212248
-309346
804725
-708879
-402505
-925979
794433
-303356
-458921
-359059
-459616
-378032
932744
-310238
263771
74583
488341
-877654
319540
-996946
410068
295178
342735
-825051
226491
-389054
-531047
-354923
500943
-137082
-961334
-210397
-571730
-323104
-873367
87156
-63391
-589077
-677954
-32248
88973
259907
-672015
-40303
-504321
658728
404294
-252728
709518
-285160
-178134
164549
-656336
-589686
-536254
568027
-822603
984395
-31969
876966
530118
-761854
626772
135122
-803165
-336916
600005
415530
543968
579013
-844692
-658516
682278
865357
21176
-299879
46073
595097
906529
303741
432625
-108448
-990850
631398
-690391
403819
928342
-485693
122513
582134
361010
-934357
792657
867857
74731
304974
-68351
36181
438060
882541
811436
600647
-612793
-296852
-315794
551164
-120639
-765998
979953
-378315
-92181
32149
378461
-295985
191687
-485279
74614
-497174
204928
888792
132038
-481927
-830962
-161310
-159652
117549
-357924
-420589
-310323
916590
31243
-436746
119341
958194
641832
899069
-351381
998348
-592320
-485578
417233
-450254
812242
-941932
544636
730946
-255324
523558
729512
-305551
-296286
-210086
-582242
-436830
-537310
979399
19943
971494
-565928
-403316
18518
-991529
130136
-899510
-357694
540539
-481348
-778254
-902354
908284
902655
-229286
-405367
-517492
234495
-557819
307325
560801
416413
18554
-523253
-881252
-210690
817887
548656
-2362
-906739
-677387
-898403
830891
-505168
389823
205896
724714
948752
90106
-255909
-417282
-228985
373349
-178372
-456084
737952
-517748
-900059
340593
594582
-779815
-640004
-524993
283965
775196
-469717
-687317
747533
-741260
107844
381216
234296
-496185
569249
-546826
-50513
-346162
-133639
718597
408202
-158160
862037
-635632
552706
689155
-862112
574386
262184
-536197
98385
-852277
-492293
-494607
961986
-422817
617713
956656
883344
-255697
746471
726645
321539
-57428
-976259
-386282
-824960
-382781
419496
-584046
747768
477021
-769651
-482752
303374
-504055
805748
-334497
164927
-555649
-222185
125138
851525
-640558
676079
-238982
-264665
262992
-454356
463460
-145690
172360
808542
669827
-686927
-981582
737702
-736253
176473
-937635
738200
88882
683388
537302
-288962
-98252
883296
953974
380016
-582469
-811340
-505429
34472
570253
-5572
504181
-370416
981233
158867
-408750
-652476
765298
563514
198107
404748
-54552
-757537
163824
-480290
-846110
-524040
880491
-278256
778884
337397
-823280
-777054
-963919
913035
384746
518067
757399
143619
-825414
-190720
-465796
632564
-35060
698676
331382
324439
707736
-571907
724871
828775
390215
-596234
396350
-983732
628558
555565
540544
-891115
553233
-635472
297767
167697
-787589
-996132
152251
-986449
85480
676015
-601760
-314876
306419
-244742
-13993
642682
-177534
720373
-675676
46418
-664647
354026
463775
-607343
801118
191746
789197
-717187
-795037
460205
-100113
572872
416006
625932
77285
-79532
111796
-60953
29306
-622737
-285199
-766488
-41564
-553751
-101818
-481745
-396424
-498201
-595916
339131
-86390
210412
491620
-957964
254559
-484790
-980677
754904
19736
464031
-817467
284586
90290
546088
31143
-901386
-936524
-206703
274153
233937
-711260
105026
309975
-913321
-161715
454569
348233
-395461
671476
42733
-952915
231847
651667
-916958
458026
415407
-40041
765764
-880946
-318689
402100
620883
732073
876944
-30861
-448285
663068
26939
576114
207974
115146
19499
686291
-359192
-675726
158583
554074
-535924
393658
-773873
-707027
-455924
-638720
-446679
-67238
-215884
-480108
30798
-926890
-873958
462496
-653867
932769
-351541
-247665
84076
-928116
-959872
-215016
880183
64034
817262
-928429
640383
-666243
-814685
961440
394698
-811610
-621793
-693237
585937
-270697
312870
-444001
796767
-676574
664806
276529
362254
-615098
61388
-276459
-834684
709763
195322
85396
279939
673017
409459
-443632
735895
-410091
192510
-793524
-518431
-439632
-566133
92026
438706
289160
447221
-994310
530419
-577138
-330647
235196
-406418
612722
-371012
-915398
-912425
963469
471187
166029
-700321
809879
-96337
499261
78231
881832
-246393
662056
-522630
220054
-434095
988155
-414040
623814
23823
-692771
895505
88136
399022
-760340
15603
22361
999408
71626
-937705
-777758
-374093
720388
222055
-764261
-100836
707556
745487
-200033
613804
140103
778842
-802569
523850
-319228
-526864
735025
-235737
-116103
-148247
-935454
-966229
622374
455612
-859139
740653
576613
82117
-380338
751904
321828
949668
842502
-673637
364706
-688871
713070
447045
389503
835098
226668
-544059
-390806
-784376
-416377
587646
-466206
-72060
342086
-248640
861367
442998
-276520
643368
-176900
-798283
-669500
-742590
816231
-138640
-49907
-106255
397917
971410
105605
-315138
-763965
-314704
514266
946237
-419253
-13701
-238478
367115
831611
376553
-616845
944056
43388
-921529
605945
514146
-668533
155723
826080
174576
384650
260859
600403
-768004
-486002
-81049
940283
-936902
938506
6722
88604
-548055
170924
-350163
-67035
-113525
-945281
733927
33969
380010
984339
913418
256640
-297750
-949244
717550
875175
384028
897746
-901466
-34147
-722390
54481
-408545
-650427
-744552
123981
579815
-712891
-366097
494277
743342
-152071
331840
45875
828083
508650
273901
-667961
606569
-139927
432816
41626
700523
-858045
-39395
835202
742073
544178
-809755
210369
421623
-461846
-218389
-640266
577580
-72312
-964599
-313461
127577
-62733
-741034
-937771
666132
-943345
-609172
-889909
-914931
-808673
846414
-360669
117421
266971
-770862
-186823
874718
-626941
-18561
897277
-344887
712182
-138324
-639551
894134
355179
-246082
202652
-518645
-422234
-947713
-205136
-182805
-45234
-945442
47990
877875
-576597
274896
778220
-656021
-802578
-351565
533661
-447215
74226
757174
977005
-856403
710982
847090
812771
848991
-342323
-723134
116531
412979
910776
456229
-709127
91349
-28232
621247
-502329
-131747
-924440
-578337
-778668
503251
866055
-189575
573020
889205
856909
-963843
-578568
958985
-356072
-186160
30756
412130
-426773
434291
-420930
984743
212741
-846336
649646
-465114
154992
166310
639229
100598
-316406
830856
800365
962277
-28819
-920188
-495681
-231066
123924
360680
674529
660630
646264
-57075
648820
-632947
822934
81429
-276406
2927
359731
-534097
81059
-881988
250546
-758664
-322058
259559
-696802
-589148
615703
902654
-323667
-234618
872288
452990
578758
512249
-296270
-647939
-247997
-31656
65209
-729406
409652
305083
-828839
-286914
143606
-354181
-920292
-638736
558471
731034
-114604
345740
-718922
-858512
-471673
352822
-362457
-869504
-303322
96831
462741
-643333
714095
-183721
691960
171757
-372093
-107032
-920856
45804
978353
-965048
541619
723139
499625
21767
332759
469508
-783868
-55382
-702732
912232
-554335
1709
-740933
764535
-451201
-955370
215886
536798
21144
33026
193680
-885669
-414855
-669017
-320927
-43266
827540
-877893
675798
431286
243084
516702
120437
-877091
672383
-913510
-964396
260758
-395712
-722202
-631664
-822523
606333
-685541
808771
-825470
-667954
292491
-714591
465548
-472777
-24675
-404464
402270
-842612
-874821
778986
-261353
-76840
-713556
534752
944486
685639
-337280
-233964
-4967
-702135
-127524
-750507
-749075
494205
-763980
-11449
885806
600829
-644720
-555648
-527363
-598789
-9426
639828
67237
788877
338847
674188
-712896
-699404
833016
422780
-168939
-702326
752501
467513
237954
294206
-850562
74376
938444
-652566
968365
704292
-842705
4600
-702509
446269
534927
112571
792338
11721
-314017
480820
79272
-772314
-71762
192886
-796697
-288164
805
-205301
-611833
-259636
-114924
644946
-506299
909353
877574
-67845
825093
78559
-678237
161887
544770
-208192
576127
-183870
88864
-214213
-52309
200798
-673524
146104
606971
-813485
-397389
-160643
-485784
496635
14882
525912
-887119
-697403
-633949
501705
137670
-239
-620832
785597
-65178
448489
-661797
-424938
-838001
-994904
432720
-885474
984169
-225910
-593790
704591
-174942
992346
-106390
366962
835522
94920
230799
-470951
626679
-537646
498719
-540654
-485689
161360
793166
921984
872546
916214
-447513
581526
803893
-721614
-958769
426593
947286
-856637
667219
-253038
-748251
802995
-677222
453832
-956370
483702
241560
-493511
948926
106971
-981776
153397
-221954
-660503
583251
-678727
414273
-905242
-89758
863017
-410515
440729
662050
-200546
612854
-581986
691292
-147190
-933605
245750
712761
132990
-943885
79474
817443
828026
104022
889392
-448792
199032
715027
-876993
-774853
357690
996034
929417
-476741
-148621
18792
397355
839025
-756146
-472816
744083
168300
101026
625053
-829790
3657
658762
901915
-602466
-994334
-310139
-656064
-176667
-957024
-747516
348023
-622379
510068
889626
538824
728787
555313
746772
-303424
498289
-833895
-384662
28774
-559071
-108908
752644
-144019
872223
48882
-18759
-271722
-482133
230103
480072
-906385
709277
-177202
114733
-665175
653222
-252218
796626
214444
-624941
-995168
603614
58585
-675555
-669299
-706562
619608
-497324
506752
488822
-718768
-205636
792379
-960327
463954
222300
-101947
-445582
467583
-279857
243076
799708
993827
-890513
-400472
923991
284051
-505465
535351
-370210
-209984
-225200
-899166
-94273
-545271
-965537
-171425
-884631
627752
-1850
740010
-848947
-20711
562322
-216392
343743
797498
-518768
-727598
-93551
293967
774449
-76070
887146
586077
129423
-836951
783118
752810
741382
953978
-139789
-805745
522586
-394086
53966
413232
-435382
639212
5487
-677632
138391
1403
502461
-468633
968617
-558277
-996199
-627125
179058
575886
-760282
-154637
-143595
534746
-359066
-639308
-25812
-399535
677744
966851
-218609
-193725
-189046
-858588
-373067
-744133
-657514
-238922
-70046
355459
748223
-825495
595330
314838
771432
875035
130253
-513010
-899668
-641390
-43140
264978
-883246
728403
168766
-276712
-244557
380579
693546
826470
508138
-796100
-462261
85928
-909524
813125
667116
-791697
370614
277
-269178
832654
-906252
-924902
952864
56581
-347830
307361
783996
306524
-982976
695776
-342045
660197
569346
902424
78971
995004
4060
-993676
284635
852317
266935
407320
-917075
-774559
-693282
-882034
-183250
-127922
303608
-928781
16747
730662
213976
-720897
-490541
291224
74135
-468425
-238918
-891959
-210536
-70364
-516867
-712125
690700
-637873
976240
-208739
150714
-720837
66799
-785897
-854327
-16311
-815826
789477
-667958
609352
17332
-743846
624225
76947
77493
-828223
418532
494151
-950877
-985319
724831
352165
964845
23494
-391333
534061
-177935
-187489
-945575
683865
928585
-274175
740559
-607447
156514
707253
-857631
210240
220157
654065
-920023
71422
9837
-164990
-999621
293452
515348
-75571
809168
256395
-567710
-688460
-951049
-502696
141480
-753032
-357589
636926
-264663
-847572
-672805
-129712
951005
-798287
-202555
871331
393973
583147
-25845
815264
-573024
-147098
-961715
-856238
498257
964194
-800092
120498
-687721
-999121
981302
559871
-859871
213017
-512690
188024
228898
259151
801892
-452675
-72310
725711
-135976
-962182
-791083
850773
400239
-552329
-130469
-907584
789988
132435
-371249
-97399
-978922
29558
957699
753938
-256230
-159098
-895747
89358
43286
-436537
-856261
-735065
631537
-141586
-4980
271700
604033
-93634
61396
970505
-174732
355526
319275
295592
-565921
-237601
-476442
449370
-983642
443711
-793969
943085
452384
-99710
217124
-607254
149770
-360415
832659
-491916
-962901
786382
814450
76648
436231
308534
375593
244730
-73433
-139873
567381
-922510
-725967
260679
641750
-733086
953771
683645
424063
-436635
-572972
312752
-205506
20551
69745
596170
-889222
944678
796888
-921025
-872601
494331
962408
-485695
723465
278666
-86621
839823
-15595
961065
-401617
973392
850419
665017
901794
-435810
643120
-79162
-867801
672098
-911422
-815408
-460343
831765
-611969
672605
-315800
-226509
729466
645120
345228
-664376
-907208
-667242
-6195
-797601
910403
-77800
-333233
-494720
745842
-844410
157422
489698
-713557
292477
-937861
363918
-285929
-506521
-356949
857273
-900179
-958130
267011
722241
289140
869774
-361877
-554830
922729
366036
-797646
-448390
825421
-205588
398224
-353465
564339
502652
327077
285130
-120079
10087
-57370
-422859
-378964
234125
814440
630445
229077
578491
396005
-923543
-664721
313715
-267167
256841
286141
-103587
-914656
-540803
-264943
23505
559897
495945
501829
148673
616222
-154820
-645142
932127
-869860
-590110
214546
565218
315176
786144
-373985
-209277
-867907
-340711
452940
-160145
-389309
-850193
-290725
-198503
-450351
694035
414952
317500
-405274
-962887
-102986
-426739
220065
578983
-149202
105315
897703
-755996
657377
-162437
356703
-8304
869718
-271828
57588
-241936
615490
956882
-776827
-303258
-166149
-906557
-70539
-337101
1876
367415
795224
428151
-162558
333792
94900
-490303
30951
-451209
-623078
-918392
345353
976229
-403585
-243418
-71
981988
-802113
817378
-171673
-693086
887762
-122518
-626303
133685
-87380
238692
-913547
648580
893077
364426
-713737
826532
25593
-904023
-525744
-195019
-717090
-143052
-190864
879089
197011
-635279
-727224
244943
494426
3494
490948
-61768
-546409
-79192
760347
-180374
-580717
-592479
299249
874694
-168708
788622
277302
-940003
-821596
198734
-959224
124897
745881
-367698
-676723
-382372
-726431
50805
188256
-938405
279624
394857
175803
203485
-332044
988724
-512329
681158
841336
-748051
570555
240942
783895
-651943
822641
-834055
-293058
-285906
-575824
775707
-717978
-219328
569086
617501
456582
307893
128514
-790120
-578143
-828497
-519022
929545
163541
784842
375545
-252405
-471651
-489195
-450661
-725659
-289305
48703
614775
287651
635397
6187
57245
-220264
127336
471781
237188
780084
-144013
-983857
675298
16641
781975
592625
752307
889854
570493
-238592
-241518
-658523
-663644
225667
101956
707371
180658
-76931
37058
-124261
258947
353752
677496
238526
104148
589144
-69537
-119554
391097
861118
-371120
-713504
4805
374484
866820
-54506
299003
-446328
-240415
911369
-393580
579912
-867171
-422931
-869461
376614
-159118
783988
786081
968840
330106
359057
-284667
-422331
-870376
-433148
347110
-569186
-279815
632119
-970664
-80602
-904337
-70270
-154922
463152
958398
-960453
-463099
-879321
696439
19525
-986420
568640
372276
-251184
45868
372078
-787350
970807
619471
-386577
-299930
892855
379413
411843
-80785
102916
312565
280904
-394588
-982338
-756144
-952933
-797025
721658
-925913
-66997
-234061
562781
547627
-694273
650038
-638215
-788903
199132
154350
-980707
991621
507866
554161
268247
-776642
-127988
-727648
-656720
176968
-333892
628229
134916
-70375
553867
-726608
-12235
342260
-362333
-459051
690662
-410509
425364
-635155
-113960
-713332
-87939
713495
-186373
-857411
953829
-390860
55510
20288
281501
-981260
466859
-682778
-84286
-594199
-96986
126293
-619428
693716
118265
-920713
860159
319432
298144
-644476
-447810
-488090
240103
-116230
-511948
-155309
78087
84880
-125166
124723
-579424
420473
-777276
31890
-78175
-783954
631831
716467
-99949
155880
999606
287133
218484
691263
-912124
693111
212278
355014
-892417
543337
-960752
-284309
383345
-630654
103045
-376120
38335
-33356
-567013
-22264
-605204
-538415
-363914
192405
986489
353385
415377
525712
520913
-965153
280458
-752136
531058
-461801
385674
-333692
-207389
-57014
-30399
-394394
-802059
815355
494666
629864
-853304
-838873
652015
228632
-878713
-827092
-248744
-252357
140692
-774327
-183259
-11508
-578856
649907
-842584
11426
44189
407694
446558
517905
-606524
606793
-282146
996051
505699
907994
161834
465530
-107976
311624
969538
-303089
27977
-442363
442163
-371186
952818
-499429
815552
6000
-485286
17009
-638919
889939
41343
-946840
149011
89506
-606054
-539783
-217859
688752
823884
-613152
-60060
-359810
-931926
-834371
-295605
468803
896813
300971
831703
895233
-551339
-797065
-540165
-269445
793677
-186843
887929
659273
-924835
-366706
16946
-61117
826845
204698
-222670
309732
-240756
707723
237168
-120709
932074
445087
313282
321087
-668070
273708
-654692
502310
434995
-132695
792540
564393
-496528
396047
-534774
263950
114787
-525103
29991
-429708
-88767
-107500
-576103
349715
-586138
721081
-946397
-786347
-713619
-472406
-902162
79667
362299
-731322
481056
287992
519570
-753721
-164102
-775741
-384272
992467
-502698
977079
-404369
669102
260196
512109
782283
-182545
151619
463077
19129
395675
749447
400388
42360
395558
822532
-764441
-818581
-425052
590873
-745808
416754
121565
378549
824078
391063
-428313
886108
99991
222185
771914
312019
-366336
-473987
815285
-657518
167250
193058
-72386
-828114
-225953
-2215
926880
-176696
-139
-377720
554066
33736
-735855
261981
634996
-682919
-351938
-79511
-887675
-465144
11600
941922
-803571
-218692
96485
49706
657233
251544
-856898
415033
630031
680083
-716199
-375406
-898173
168664
518187
-627133
-241248
-401202
-299634
161574
-868911
398850
-471796
912199
-407639
-223779
-775291
-764228
-77870
951976
236045
516126
706835
-584913
493530
-689313
-475790
-249110
23494
-252107
-363656
932904
-579755
203175
227816
906911
-117141
190210
430393
-342737
-804267
950274
-322272
-111829
370703
-990132
-978532
686989
-204475
498273
-977555
805341
-242779
-40718
-40011
-111410
-531670
-508202
-327656
47866
636506
-772001
54084
-409587
162906
-634720
57233
885015
906028
-803448
318212
-367874
-609449
194224
-566943
-492853
299746
151697
-118007
896583
-593953
-510348
-11995
-35964
-149237
373918
-635985
-188581
-407988
-568824
-404921
-279700
808620
-813007
814837
-518675
-451558
69327
-500122
31306
-985964
465576
393134
-158467
740548
559316
582134
765296
430161
-106491
-44436
557700
213558
-54771
-898395
263147
-586873
-664689
701695
65720
-916326
306684
-914552
702266
63879
-996683
-882399
-378019
94182
-829327
-432876
-288355
-303171
-448989
542828
-549572
-469487
981318
-714309
-980292
706057
502076
554351
941194
609285
254208
-44778
-667498
-67617
483816
38950
-262734
-552153
288364
379428
290217
-341578
-291474
413356
-39249
333705
-866930
-437164
-283224
-384287
-805909
171075
-411608
-158906
-855061
-341493
576995
986112
-809089
715471
516905
-257701
-421772
74518
-525782
944851
236867
-462841
609602
656863
278386
-668616
-389846
-58462
-340612
640889
-725628
-824181
-964332
227910
337398
-938826
987086
526891
336117
682046
-327372
-248799
222536
-418205
-367
-743242
-973670
-492523
-357246
-680630
-899325
-100732
612473
407257
-992351
66096
-773094
-962807
-975884
-965508
-526917
620864
-848750
-408415
-711402
-681419
738552
-818536
139029
-489785
648066
-499696
388126
-161471
374342
-623679
666945
198721
-427924
-597550
-313203
594528
216806
404694
-54140
541547
-469242
-341855
618736
-463768
624856
-854792
76891
505544
-614007
430796
-720810
239954
507672
340805
247604
582837
-691889
893922
600132
-126967
-347695
-163631
-797863
-151900
103193
4550
-954535
388050
-589615
314521
-895418
-948661
29020
-742240
830762
925405
484189
-259132
-423112
452353
-499036
591952
-505902
-272428
619594
-9081
-701007
-826323
-653944
-111577
661196
964213
-794019
182929
146800
277920
-736848
-170977
820284
-167734
212998
-184994
-105827
662491
189529
-534333
670859
835081
775584
933484
-523354
698610
769767
-611014
695536
303674
-902336
433636
975614
287604
443899
-134423
201940
105583
283314
-262080
-726444
919541
-247217
874428
-382988
822381
843437
976296
276655
705089
-750718
880754
-632562
113504
-188611
695040
591853
960294
718817
-128417
-849473
832792
-350550
508497
534070
752103
959822
146842
259918
476458
390269
918282
132201
-505714
91639
452278
447337
702833
-71091
-457642
-741807
-297595
250357
21171
504626
598839
866536
-386925
-307717
-234149
603246
42282
-289717
-934863
-606720
-56447
453017
-60535
786531
-23892
485365
357018
-471850
-661107
462764
798749
-515298
-58754
932488
421232
274766
455665
10873
932008
774435
-765193
-506539
-849423
548886
-880243
-257941
-431194
4941
-150444
543186
-542269
153769
-459604
-903712
554420
-796648
253060
381002
997914
120265
-395784
-741774
162315
921113
-692260
-709341
-149259
-299918
647690
925772
346646
256097
663151
-380089
-292865
-988277
-440889
871084
862891
387442
-373849
379046
-467618
-638143
-944504
62407
-574077
-252406
597407
457657
8218
-96497
858750
-526000
-860061
185946
545537
-520448
-865756
340123
419216
127784
803659
-946342
-349585
386314
-856991
-726776
-428454
832729
-66898
-753022
35829
-359674
-295668
766918
852998
-28223
-301141
549575
487736
291667
194734
-678070
374943
130471
-754263
-698330
359514
-914380
146984
843705
-680937
52987
-898988
-406431
329128
-792342
-631010
-480257
820875
-940264
-678029
-775946
211110
182112
-511139
40043
-944836
-723846
-441657
-252647
494716
164158
-73300
690143
-164541
-796461
292905
486223
-630478
-261389
674298
-985571
-588068
-139861
-432477
340530
-570129
-228541
388507
246772
-940771
984389
240358
165363
-808655
258467
159793
873240
857879
579783
-24702
405442
73400
-327917
60473
603815
674207
-14994
544809
981066
572838
702636
-723407
-387013
-424429
-366145
900496
-421835
-579485
-805541
-570774
963106
714957
610879
273422
155527
-121685
-17802
496733
658603
-370524
-612608
371854
720855
-314926
708938
-991335
648944
-754936
-592343
181484
132098
810336
-567354
939480
-163780
-35458
-265733
341782
-517563
-883103
-798563
762717
-448217
-501279
17648
-834851
71700
-422642
582386
-1297
-203364
-426773
403006
-487416
593013
252658
225423
70522
373959
286699
547736
231134
-857066
-830240
208629
266151
-843323
-986790
-618582
-218941
547329
683441
-203887
31688
741414
988851
-34380
-443151
-682179
-872373
-433894
341837
903727
-862730
-626541
-629323
-673003
-384005
-383501
893887
-8805
-179471
-605215
32065
40979
177923
369597
-405741
976412
-494088
499995
602460
-669355
-600337
-752219
194228
51566
36590
102407
-382965
166311
553254
-617892
-577928
208497
395017
18051
675959
615275
-396364
-151017
-384609
353706
-96320
-968207
712123
-462124
759373
158857
551515
-696974
-554973
-866791
-67630
-538401
-952332
-747999
-913628
513631
-723296
-251220
545990
691608
-49464
65272
-65852
-232919
555445
97209
455107
-558347
573155
68679
-847690
760789
960961
840671
-152968
-541933
-351918
-563007
-21909
-423892
952757
961740
-814719
5401
79958
756131
320505
560100
-873536
86993
-267887
-301564
-498369
-383422
-460235
-901005
-529672
296295
484521
-607871
-608681
-917937
-743956
270757
427682
-826372
429578
464690
806568
920738
406875
273457
796269
-715727
498894
-873144
-927531
886990
205966
-87107
-831230
-355287
180137
455378
659574
105525
766548
-815121
904941
150553
902971
-565710
-345912
-673063
-384197
-507745
-774541
-603172
-576151
-153925
950674
-823608
472788
9846
-808826
-88870
737044
-97094
733138
130970
-655824
-238529
894793
-362353
-81828
839987
-37086
666664
-278014
-3889
275973
443700
-203898
603366
-527751
-694258
-706293
-996350
974425
653555
740265
561551
-101664
-772403
-104713
487378
-160547
-914893
-986654
387988
568084
-231886
795989
582911
391621
390013
-696749
-118146
25215
52212
-620390
949735
-246288
386224
425676
-719853
708680
747209
983114
708062
698692
383073
-741668
771831
157306
832455
990784
-892902
-344254
-933016
512509
172893
-396665
485719
437373
989067
-366541
-163515
886287
-274329
719639
81416
-23581
-125052
525627
-822965
-699915
-305780
-857904
825581
-300716
73967
552870
667758
-336557
709508
343671
965975
612935
-201519
-158772
-944150
960649
532147
605788
353704
752834
708978
750587
81751
-824906
191573
946666
104822
365761
165248
-994676
478862
-987660
384964
875914
-830379
239123
526495
658233
419082
-580431
700579
-394832
-673466
-398677
-569899
-599359
-853956
574782
-380487
-79605
88808
445489
-717344
381965
945387
-302754
115728
-788870
-891728
-850614
453432
740974
-332880
-701074
-459098
69436
-869326
-170915
-688808
967670
-222328
-177067
-701061
417904
-4545
-647445
-185889
184419
250155
878223
-428784
-252328
765483
235423
654563
54517
361334
748032
-356383
-12610
251340
-326140
875498
908695
-370203
147500
883733
878889
-264122
-892745
-161303
265774
-604547
895005
-120235
866267
-815556
-831372
-757882
785456
427448
-138344
41697
101466
-523647
-16175
-425996
-322405
-142878
-627866
369731
-896919
328039
300807
-461423
202168
976426
-197875
254542
865384
-256651
-575801
292675
-229813
278414
-760938
-716166
-448261
-177707
180752
-6176
885333
877206
248014
-767155
-417575
-285217
-504323
2288
-606208
-387340
-517568
-368168
245347
719276
-901770
190977
496956
796000
-239012
-636888
-975244
120151
370219
-520793
146429
-197948
26770
-124173
698511
450111
496847
-279159
645833
839744
143195
-49614
-272388
-818105
481237
862368
-931984
-890089
399284
-819610
383204
436133
-263323
901412
-734335
-619881
-58027
678924
909660
591750
355478
329746
-227512
-643289
822875
566922
942312
124502
-648671
496399
-8547
-168007
-836288
-913494
617788
251613
-715853
-867317
-87925
470086
-796068
-568965
131736
690145
-727322
956439
-898280
455775
-757049
-351597
-553455
380278
973380
187541
288994
-41838
567420
145042
-620029
809084
690521
110286
-84499
-990667
-646158
959723
431767
79332
223755
-130803
706179
-38874
-725805
598723
-829301
342964
-99546
-161884
-16106
91903
539777
-605820
814289
729020
-790984
214616
615633
908469
-910847
853012
-302320
-747173
814671
-606604
-675627
786310
-859425
795396
-787452
488020
-590635
528496
648205
817492
304177
781791
931690
713609
-116862
-699521
-56816
-950581
930257
321330
-985352
405352
122116
760968
-934911
-254328
-308799
938766
-626955
-126048
155675
-810381
-102590
496630
-304728
-610810
291023
-382815
-74652
-700376
-614137
-392518
-681095
504889
-324936
112002
908041
468381
716635
120070
-862749
-430076
259860
-452583
497960
-176890
-970798
823029
422502
3285
492105
188326
772334
-489005
305998
396541
612343
597458
-584088
939296
-322602
54539
-32833
-328908
370711
800124
-453011
392126
-157952
-965688
-578105
44072
-679967
710956
-575390
819414
826358
921759
-122638
302789
-708450
182122
-954363
-501302
305098
-114268
-201646
-38397
883247
-83981
601515
-662237
448297
-937522
608867
-838671
-561564
-255881
-1702
693326
348370
790481
-729928
602412
-135240
207248
-724374
-993475
233268
6215
-204087
952062
36338
-433304
-569929
-940460
350863
34861
-363529
911242
137197
506027
-864108
181699
-918370
175942
372502
723009
-626823
-887610
-988454
339418
343228
149742
-837103
928067
-971574
353252
42567
-360961
-281568
228998
-52005
179265
-617882
-486035
441089
253708
459412
-553986
547421
-655586
-223938
-381524
199173
-86378
-662052
-583630
-484349
-12713
940950
-472761
228620
-865539
-194391
-56450
-3506
-956368
-112656
-245927
704420
115884
-71427
132346
650737
-697712
682514
150782
865637
-397080
-214311
-387418
454724
125689
185053
-557256
310984
971338
69399
84726
207155
-622204
-957449
241026
218467
-940764
-503922
-91160
95718
-756176
-402538
-842664
639079
-906523
-921001
113082
312338
807962
760424
599078
111556
282650
161588
-406558
-251888
205164
-76602
-588718
-41884
-107504
-435738
190556
-652931
770031
652687
-414469
-992053
294037
-56855
-904737
991580
-612248
766623
230361
780318
-871196
-758467
-37849
22425
290232
764165
-523317
-57239
601714
65494
-362550
65518
455267
612582
423450
747544
839745
-266061
-92245
67720
-201824
-221883
619765
-884782
-278744
-402048
-399842
748361
635336
-16934
703187
735751
600962
-791660
-176929
-878730
-382198
701479
-233772
-281874
329819
707767
-882671
479165
-238579
-413929
710381
-736874
-594682
547407
246901
843648
264033
-298702
274556
861266
-320762
502146
-360089
91673
-409473
-747571
201420
558202
-408570
618513
-386007
-173965
365549
-221377
915134
-776036
975128
-886761
-443053
72744
-116313
636184
622816
-955664
948872
179267
453271
-321129
-575887
-336672
849490
-109026
745307
588551
637969
393094
97685
-804080
874533
-148265
-95385
-728023
-962939
-25253
-343535
526805
964009
334330
-379166
160847
-660750
-198387
-13477
406257
373644
904537
846202
285101
-282222
836943
485111
753538
-516402
-224476
348231
-522073
-676908
-910345
50047
72964
-604061
-897673
112746
-50204
640536
-447967
-109149
-76068
241431
85660
-90369
932547
-882786
-813638
-268626
-509032
-651190
951198
-403155
-820364
103171
-57970
-776859
-786338
271279
-38465
-5921
-723623
224078
-744696
-679509
-426261
-235135
-816858
400375
-73855
-130234
572689
837193
-540213
-336869
767883
794973
254210
-643547
318833
-593760
-333729
685132
-465170
755900
-314093
-374531
-533903
968698
351382
-319924
-71893
196087
-298112
456157
698965
-24204
-793537
774916
559070
-434759
-957225
-559082
-216964
991666
-373984
-896538
960897
-18636
203474
676145
-127041
445930
377969
287635
213129
375775
-493172
745881
486967
-850517
975323
-278467
-989791
427047
-728113
903478
281180
247367
-488850
-791306
-57357
25062
-420544
-569749
251694
-300723
-747201
617543
-714796
843063
761641
983089
919684
391195
-417893
982058
-328014
-515344
-661952
897224
685998
-901211
321124
-181749
-751119
-905610
-250069
522398
222315
-388137
413164
925056
-173992
878436
-568546
161550
-126265
675564
-512457
101291
86651
-647753
-319831
-438090
155799
-219836
-519906
-282545
900172
-578569
435538
109657
180772
726755
-494361
558388
170932
-70801
356470
924338
-996871
-819223
858527
655522
948201
-123680
441295
565676
-644076
-777253
88010
292816
371333
-637730
972652
-131745
-898732
-353013
-966947
98326
747236
-560882
4742
-509576
558673
-360737
90701
-229422
916899
67919
36288
596153
-816425
607993
930086
-988523
-94403
-560873
94126
-155800
-366949
-794389
-473619
-426794
-34962
-212588
556825
-147339
956214
-321196
279002
13942
-553944
-242483
-424653
-126614
888824
-843012
977724
-916038
455420
-264504
-410056
-561218
470705
-738912
698507
-978952
238536
785883
175366
585757
-45755
-405938
678336
604629
-662607
352743
-242821
674665
979798
-326129
-709630
-12176
-296392
535835
-549427
-23899
-338866
-985209
-96122
-555514
274398
172148
320695
899368
528211
-225711
-138013
884310
-414875
352877
281418
-212658
895318
-367536
-63238
955692
197812
-684981
-402561
533896
361932
841645
-107612
796747
-569850
-728360
-669973
-565922
-949728
691133
581315
254415
761867
-291521
461157
45970
-650943
735065
-923537
-270183
-711711
-120983
-764630
122753
314576
437502
-911484
570210
984785
808307
581272
-962917
-110819
434877
-891187
-655429
770040
637123
450401
94838
692691
701731
179412
84747
725079
189656
386767
-401654
-144386
154507
-702351
843729
238981
-39685
-450749
-398647
383235
-51046
-11382
473713
765810
-983599
-332347
-519435
903687
-561113
-200753
695862
506777
894516
-960284
-59949
-327519
404535
643029
-987419
203062
69241
461075
764853
69023
-794562
-939879
284446
-12522
-193368
-523305
-113304
-564394
418908
222009
-30618
807126
826505
216220
245401
-620860
-660990
763006
-848813
716549
951487
600442
66949
-809728
32785
430285
-69311
52538
-525989
978397
-196368
-936367
-432635
-670407
-741013
935247
-987328
433267
-954070
-263747
797083
367983
872449
-344338
-400232
-283907
373200
331097
947177
689085
494849
-784012
-429827
-383157
269383
-309310
950874
400907
417968
245803
906016
-452755
53754
-610484
478581
-452262
-745178
130854
458687
-47873
898385
809712
-282340
136986
-859745
967491
-798946
755339
-377932
-162904
975161
-691304
257788
-578877
-409380
798339
-29106
-818580
-332055
-627787
-527134
-215667
649666
-465404
-890444
633821
602176
473368
-35215
788655
-842227
763647
719825
-978120
227345
-328855
515314
160886
-566395
-634119
560012
280342
754437
-935292
266495
-679262
-426220
-937570
-895576
-132105
902413
-236152
-936459
929057
-301111
23345
41380
856632
955933
-518241
-830008
966890
902728
-322109
658696
-53373
-865094
282802
-890252
451286
-75839
580053
-835828
621882
-420549
-908036
480383
-629532
560463
256041
276996
398800
768185
-190757
638508
-451279
-491933
-29404
203257
-467117
207738
-726096
-797080
316064
865449
-580586
-754410
-950696
954799
-183800
882390
448508
392410
585721
911592
-485613
-388377
-371491
333232
636971
-323175
-574749
-311884
49753
-482572
695329
-401992
813483
539107
-593177
107645
-116399
-835652
724662
4054
-663919
506599
756053
876183
-721335
784887
-569830
713700
932867
-337196
65070
7063
-277937
-139036
-771353
992940
485313
301620
925211
499285
-450290
746371
946594
697752
-519212
-115877
-603964
-181848
-100351
-649729
-750612
-725461
-845221
878388
-646843
21831
-177791
-749880
568440
380722
-131470
264217
-889869
845297
775139
367571
-702604
65051
543327
766749
-584329
-609162
587775
-383574
-788251
-705800
-553339
945062
-790201
704040
154529
-540445
963853
68901
459052
-780323
18326
958657
-70088
-732914
-207598
-518528
449993
-384171
-504994
-145754
-865753
385876
-37172
910899
-353272
719849
-271957
-274913
874670
-68844
483919
989775
544036
-292549
-178463
-365857
-416780
-471107
-450241
-659465
-385845
746092
525390
-140679
-58727
5209
-734727
-38980
-106642
-400622
-867934
-251359
423212
951793
615113
822601
66413
-129395
-948070
872123
347515
921441
699187
-430079
177727
-19391
780505
-610932
-877669
-460510
298130
837012
-3429
386856
-822991
965456
-990303
-1304
813495
-307181
236797
-858489
-804335
343927
854487
-532537
922491
-259610
-461885
-874795
497542
51245
-40842
882576
-645957
917825
-990504
-384773
474506
856853
764389
-865851
932884
95848
335467
-775048
-989946
144269
-897297
-251112
799920
-515570
705298
774121
-325621
-851578
518464
866037
-96234
-903159
-957484
67410
-689803
-656616
-143053
367951
449726
-514699
946971
-939648
575490
763626
953403
-676547
-704218
328179
-362625
-714862
587514
-664608
822671
-46860
565745
821411
-300990
224836
-356066
875656
988441
626009
840145
177633
-246917
-98596
-597499
-223066
203706
336461
-462980
-553072
-432565
69483
-152546
64768
-741936
176029
929569
137941
-807818
-684123
-336843
-52582
-369065
-997451
-772475
316198
835225
-897898
-6528
-573454
-704189
410128
-44840
529293
-522307
943735
284120
898010
689642
49914
-157967
-758334
-585962
427326
-800606
-83855
-143102
918765
948615
792821
-216784
-309314
-991408
-23340
782084
149028
-711452
-104816
-921709
163234
-662659
761273
631818
204788
-693516
897656
-146766
-313622
145511
-84725
508445
-438845
-736966
201465
-169852
471310
-71750
-354602
83330
-520590
45610
-279082
477074
114681
-212641
-189723
561562
-29341
-27517
976763
930847
-939325
934155
352025
210896
-199747
-704254
751762
946794
717803
-13111
-799750
-563826
687093
303065
-573289
-432929
748278
111405
-181157
-267263
-272195
-792824
-798425
-850306
16953
-248389
408468
528152
885319
954960
17955
258957
390344
730752
980152
-465776
-249459
-859308
-408611
-182986
772289
-612418
-149823
-560838
-856118
324647
-868540
-213723
701546
-227767
-449651
490256
910303
-186841
-181563
62618
-961450
731635
-136980
397452
733577
631498
-50800
405054
-795280
248823
36225
-446166
84448
290865
958096
-813028
-579141
412853
464254
119868
-795841
-135507
723670
-921322
-722341
-269844
-984906
552601
656734
14244
581876
-962808
-757543
878309
-528302
-993551
560360
-2401
-658858
-973657
609668
153037
828396
263637
-340487
208637
-320057
-215060
-191726
874536
-549480
-109340
387080
-867117
52942
776091
172859
-260716
-765702
-866234
-523086
919139
-186642
-271186
-407004
505015
127361
412207
-620079
-770151
-850096
-255261
-694558
461086
-819745
-922716
-929346
-645163
918203
-792397
-637642
550166
776767
364974
-33988
-466780
-779765
314380
-35100
-552852
930930
-875263
-628962
-34673
955619
270625
150056
429662
981240
-297062
243062
-540101
488168
-461080
-278443
-455732
-399308
-966172
155157
-742982
587225
49790
-169240
-117659
-759991
206698
-614634
-742861
-57987
841269
632199
808418
250611
554309
882804
592287
351112
-366442
-344851
521598
-889783
904188
171664
-32845
-92876
-847017
991939
-481130
343135
-446080
-990758
-706059
229425
313801
902823
340853
-992266
70372
-203402
-256970
-808370
-892347
-709938
-173785
709516
423904
-457695
341012
893646
785481
769094
910722
-83885
-763830
-97533
-875757
362319
845953
812177
-977197
947092
962096
-470079
-880285
-840603
330497
63887
260236
-856214
340112
-278158
637481
303993
-29729
-258606
-668832
254010
954306
-652880
-885793
941886
-124564
807825
-372946
278524
-640684
309255
-241534
-115667
231174
-607632
-874159
-96356
-247529
448639
104197
-825801
-256173
-603646
542375
106675
161976
384754
-117579
875400
65331
-848135
733706
469738
994463
-102448
386740
762719
429131
358430
990550
864302
313598
305957
373839
316700
868025
119343
610257
-803743
242709
609647
230588
-476755
-808906
-98866
-786134
298601
282132
-841243
780920
104340
586612
98818
536483
292655
899701
-998084
-882126
105995
358231
542510
831092
10819
-341537
471445
683819
-207847
-692030
-996208
543601
-591323
-924476
-860503
618545
-330740
283785
-510758
-384485
239043
-425600
325939
-837628
-672098
22771
-148058
-832542
-843528
-722745
-845658
-806270
-359019
732108
13627
-906668
444712
-116172
-442232
-129035
184926
833892
358702
-541966
-74950
-780925
-280486
-438799
-25729
464118
916988
540767
148412
-454727
-479262
544630
-870187
816203
273059
-491106
-922314
555758
-758395
659110
746731
47723
-571988
213096
363071
831002
680629
-292094
33543
838930
-683826
-456136
-428975
432352
-461873
159982
832665
193682
432333
943272
-964949
-829762
-354180
-569581
88036
-849017
-30928
-742037
-256030
707666
-886895
-930600
-806621
89404
-473673
-918389
-660904
-386510
593534
-568860
289795
-288686
128460
-827941
690228
-731255
466967
279888
4063
847406
487989
-629732
806589
943241
-719300
-145093
-407060
-783897
492697
-139196
198438
441588
52251
675904
418389
-959180
690442
632999
-715475
266071
-939417
-480000
985423
824658
-13603
-882375
780051
-354630
136715
-307803
-7817
424808
-574674
-377321
-899892
150985
-995770
-10718
-406252
-349726
-491174
-395987
506166
379505
771706
-962531
845080
-556118
602872
525334
846899
-51713
-192165
-121522
82750
-327523
944255
-576344
-531908
301743
95706
434113
115601
697042
180785
761536
-332033
-604824
-103855
-570626
-823033
741728
913994
-531263
-66706
-139068
682035
453311
-467701
206799
560682
923601
106705
-522872
-341855
-932895
-427960
-928484
-396650
-307428
734796
-176655
399062
543203
-808871
-588007
-480238
-90887
-228470
-851687
2605
234472
213496
58373
137239
-646801
-852216
717630
-601945
-366584
784394
-465057
-517759
-714262
98529
472893
803379
529729
-296128
-122075
-170448
-55935
-25856
221472
950276
-28053
-109259
-518222
-355939
-754867
-833106
-10763
842186
-569126
174671
493782
225153
-718226
297870
510961
-390186
587870
-318366
828422
109229
431075
29973
702867
986441
539511
606854
555809
985191
-508386
-821512
-514939
845437
-447188
-743145
959585
900522
-262945
-974081
8493
-817529
523102
893237
-618218
81607
65834
-101110
-394365
951636
-690459
878088
-212680
-401394
-524889
-898229
-234893
-387020
-875665
672465
210570
104991
87692
909968
852729
860428
-527474
319324
825005
-488855
-340194
51402
-58419
583505
325925
-838584
503841
-458728
773666
89961
-371755
-320759
112337
617978
-578956
-613564
-354176
-724159
-838767
901988
901223
-662542
490538
724530
715405
623027
730234
755945
375819
-653392
619156
123583
-729877
8029
34153
881523
-188632
-488999
-982516
247910
-254306
-310556
431514
321563
-819641
-690063
485736
360962
639365
260435
465831
-314915
545098
-44626
-241567
-749351
-292460
162451
-919874
949480
59915
-169356
-73430
-541555
260476
-148559
-321717
-952488
65109
-198157
-46213
-177366
456046
-56674
392623
655990
-813175
-607418
-315322
965583
533156
72896
437827
-278854
500053
-908443
-112433
947539
284764
515191
940135
671035
-479362
-908347
321878
-621081
109432
-538366
172185
-299860
-82234
69206
672687
867327
978527
887340
609157
353570
603448
122736
-926822
902171
-917073
776148
-613870
964070
427426
620888
57709
-59170
878497
632142
-346486
261642
484800
651112
223967
760964
101526
930485
-288138
-179137
-667473
-724112
-890444
891214
462510
-297852
-510876
-821680
832761
-280303
-200486
537652
-460451
-207941
378517
-392202
-413772
833628
675609
97780
849643
830014
227808
-516387
219561
-99511
-13327
983765
182576
-162104
78751
719050
804255
-414959
-282265
275902
649559
-966512
956389
-385674
609857
-771620
364057
535511
733177
159565
61710
-625908
-91667
25864
802611
-805775
399892
445005
10825
769479
212865
-581577
-574979
-804409
607608
264127
986400
817877
-351676
75309
-611812
-647143
-154468
-449354
762834
-561130
-694009
890924
480625
538186
-20570
-340827
-422341
-845745
662621
-48549
-447710
667864
650818
-680754
-283285
908100
-183280
720543
-729582
752696
465244
816791
-716856
-187921
286359
946526
680470
-332986
540636
-523677
130858
119467
-963175
-486901
-274145
107953
49733
967607
-75827
-792611
634134
-921585
357153
-977518
-523551
144202
-936533
-960847
-579644
-120140
287194
-145663
-848073
44668
666285
7697
-913956
834942
349496
558295
951330
986747
-98795
-244636
260581
84307
171017
-816468
76569
486650
-385160
828052
-487033
-148900
141802
-390922
787702
-144862
-232313
803333
645206
846830
728619
356718
416874
-421671
592871
323455
386324
623834
931674
485643
97336
-77538
642577
213749
679728
-449711
-421461
-172295
61440
-3878
64373
-600968
-987986
-844481
941810
674262
99626
99162
-487343
-717377
-664085
925922
362427
745356
-15662
-963512
611477
-985433
-77331
-602260
-49607
966193
-831341
-378284
467408
849375
-464941
351125
-448840
893884
752168
826082
340406
740234
-162284
536079
119416
761937
365713
-696309
192031
783133
713685
-932719
717404
802675
-688769
-403508
-994487
-363997
715713
594382
55014
81666
803911
-575507
600606
406499
818973
-144646
-7324
-196766
313183
908810
478888
-875773
-661680
-946778
910648
-220767
-868094
335296
-485729
-887901
-481698
124433
-638120
289417
-434718
600674
499597
398080
754131
636804
-806329
474634
-473581
171903
880142
76016
23153
-377333
-229176
-346885
173408
-624730
255512
-40805
38663
567109
-22212
966489
-397045
-618941
-463349
-83276
-956859
197850
-533552
-232199
-242698
-980503
157846
-833275
679709
270739
-922912
21142
271546
-864786
-227454
263970
-524298
-194849
-384690
578307
426788
246873
546055
365200
135582
-530259
-991469
-651851
411943
505717
428862
-37347
-588425
769171
-334255
-745287
700496
-81286
453543
176432
120542
-307320
215878
380011
-661078
-378396
-973829
-414815
450331
500324
-55680
-107225
253969
344989
-514521
728609
283521
910273
622354
-944548
-563422
-564000
585532
-206262
-931880
-923509
-544348
-283075
-359113
528529
828695
209431
994862
-201001
-107365
212529
-170038
536843
856872
122750
847799
-443953
-494099
601620
-467539
-713989
-34805
572216
855500
-280831
498193
773501
-359696
-160741
-769540
-682649
-650920
832274
585063
42477
-474099
125048
-675711
-555796
18182
257222
-197089
872757
737802
-560724
-786810
-196094
325298
-543240
641689
754028
555874
-32186
-80929
626861
-25828
560480
353730
873461
-507544
-323002
-771523
-300672
525427
-494403
-684276
-432899
56379
748655
454017
-881867
-704759
304283
690775
-224047
507073
135279
-498359
421847
-742607
992557
-286320
-44369
-941240
260853
61064
4267
-177047
164364
-761857
99619
534740
-974822
-616706
191463
674133
287892
475252
950813
281854
179897
-534570
-867800
726298
-88091
626976
-517452
550130
-980588
-98001
581501
-566887
459970
301263
378070
705327
819905
-989504
147576
620420
-522339
677068
-999484
-891163
297603
778575
-474867
-835267
-438105
-71169
-941184
455041
910358
-913967
-807341
-84295
-657118
337906
204346
-744175
-522080
670243
760341
-63893
390441
613825
71730
32691
642642
209999
-493566
761286
501209
78080
305051
157782
-35196
943296
-551926
757500
-12066
366945
299389
424301
-669166
-978229
-926631
586198
-893777
334821
-652730
-423658
-157453
-325003
41838
68179
-43425
269723
-271071
904111
-842200
-968471
-471177
-283243
996446
-166498
-483261
-820524
632364
9876
-346549
-179844
915079
-997326
-188781
587633
-243381
522587
225461
-36011
-855801
-595509
283184
-743351
812195
404163
489981
440557
510006
450747
-96433
-683618
92603
204748
265657
74073
-127746
360452
-39171
345942
-170824
-985527
139777
-335402
-540215
-556843
-592387
-158758
-166519
669650
606510
996989
-915946
-48043
-466805
-809934
500860
-847397
-242167
-169200
-572969
26643
34508
972914
-248234
352214
83759
-53848
-728194
515629
-435665
-266841
952506
228848
-976572
-982507
-227105
-49490
238280
893959
-6295
-820074
268475
819687
764175
150849
869001
769347
483546
767782
-857738
400103
9464
-525328
523737
-407921
95055
-81284
-254554
-691954
-277477
-953576
-40341
-309282
-348517
-214513
-736127
599978
813016
-22418
219880
-432874
288345
-374142
178679
-269443
782138
280016
410019
-989698
235891
715961
945327
-487373
-469802
48179
124648
48666
437426
498018
-659189
-178172
329038
474261
544856
-830833
-175141
3732
-591265
918829
-759803
443876
-440433
426841
969859
-44279
671931
-902371
475494
-698658
841774
-662160
-609477
-705060
-840989
706659
-130245
321931
102536
369712
-732754
-838887
833652
-483874
491261
353693
-776751
299605
478351
74632
58967
2323
-846487
-877266
950056
373937
676248
722240
414916
-240813
-123901
-126897
557552
484838
-711759
46573
-139185
-449334
-327912
168558
-927232
-377181
-788020
111556
421642
-24047
505883
315960
-583646
892159
785491
428915
-478749
756220
-995710
51330
-2994
797624
-365755
828556
957019
377819
237983
-868259
-930130
816662
427756
43218
649077
-948488
492125
-367553
-458058
585262
-266127
-60026
127742
148423
890657
-36664
-330507
826573
871097
-969929
-469991
880374
223030
774980
-210009
877536
474241
604390
-211463
-574138
179779
-917790
707280
467861
86460
-301601
997729
892249
40827
617366
254310
-362948
642650
-562257
272174
821244
-25792
-844261
631897
-174132
-719993
-180578
824546
810304
-659216
-909477
-683406
-27502
-482698
-552677
301929
300738
624142
-466011
967209
701617
454806
131529
-823051
-755590
-326693
449108
-653525
-661209
-909860
586430
197107
784193
568639
-742418
145044
991269
-99306
190880
-406992
-699257
-253671
-883309
200222
-974356
195777
-531814
37558
714689
445525
285830
-302920
-649587
-92610
-827104
9944
919380
-497760
-495254
670194
162078
-352503
102261
938566
614556
-496891
-719560
171278
-143605
293874
262080
-856258
603781
-916237
-847097
89861
60458
-80941
-107561
995634
88372
858330
-676626
491963
-517704
278740
767419
-367021
343558
357160
-428953
-997859
113884
-776260
-325347
835805
949680
-202072
610263
971363
-850824
193674
881244
-359314
-663033
-40115
57559
446388
-704206
-362896
-563605
-452206
731589
416628
709746
-431293
456604
-314731
942924
-680474
897809
-825739
-629757
862395
-377275
-23494
106421
929633
-510600
-138201
-94076
-33165
508982
40368
-8721
-138434
-854066
-238969
-858093
437689
-632514
-609058
829018
-258501
-488477
129202
-911443
680808
710104
616161
-382316
-439179
-522650
691528
-713047
-404630
-826857
542341
561612
-438739
915646
-181039
-478109
-728449
-399990
-297536
-805255
707950
972958
386920
586902
-368773
-538894
172722
236532
-700406
588152
985629
-222693
-345611
681466
-130706
888463
-339996
-573819
314696
813053
-900219
130695
-766743
-152947
-233039
-125517
-131037
889852
144172
725395
-746730
233637
-848207
-529237
785228
438460
885613
-825785
192797
-833476
-430077
-919800
-863033
-305520
415027
380369
-843612
-287747
-697679
-989899
62435
-984521
-774826
317141
299851
-366963
-122715
11874
99328
291439
-623547
-402736
473292
224364
-105756
388456
10899
67429
63913
631456
-353558
-591931
-154757
-221465
926584
-680395
-969975
801286
206018
-325675
-975977
106267
664994
533636
772394
763957
97332
-108833
-303499
129287
-903800
-35025
805933
89079
-154859
-423710
-946405
-700679
136974
-37278
-63041
-516594
-911532
-398407
-638590
-749360
-489798
-40394
804180
-743348
-884132
746078
-646462
207876
231222
-455693
259002
-326880
-431177
-400913
-46099
175834
-459933
-124054
-75568
734712
-270655
-699834
48105
818113
-628707
808695
-271948
-930465
769811
-868322
-505192
531660
-628305
301099
-42129
953428
987895
-531472
225660
987417
-591039
-954637
-959767
217656
218019
45391
-201734
-28334
-122726
-778942
311474
461210
112428
972253
-808066
325761
985499
-776250
682024
-408050
-59613
185438
576691
847363
-228249
-616529
913506
-283855
-603087
881794
376545
-59350
-455806
552119
187262
-504237
158311
-876740
551554
-819877
243110
731849
682729
868615
734669
-631399
-615520
460784
541072
-273381
-38327
69566
315863
-374689
183455
-140557
-828166
-388397
317016
-820942
711052
-990340
477222
-780370
849847
866307
-960930
-806417
-759950
-662320
291162
-445596
410490
-929739
-662105
356187
670891
-889613
-983042
707484
-649947
-463366
-331197
15472
492703
-985736
-616329
-53905
-540596
-551912
983890
684487
215049
-405980
-856874
645552
538030
-301824
480153
-253854
581455
117440
-446332
-127162
813612
310478
-678735
80628
757893
726175
-25026
-326284
422210
762449
358347
-217586
349211
-192506
292154
-922577
220896
-761639
-284682
-492786
809288
-975029
259707
463512
351849
-309492
889800
734788
71149
119864
954074
-395676
33903
-105492
3268
-994606
303016
645682
864674
357373
612291
106060
-557794
-196256
846372
446901
459361
463856
-948612
-896089
-363503
615279
591784
811340
-378220
-337579
-353667
444100
452555
807098
-939461
132306
-146513
784580
857085
773428
356929
-150137
-199320
-675009
-231951
966007
-757434
553337
-617082
556905
628755
-280062
748953
-373730
-349341
915490
-693545
629932
294999
-341956
936902
-770641
-331251
89013
-64231
-464117
350221
552367
-429971
-514982
160650
454713
-962911
445969
-148100
-304028
432372
-417543
-545030
-348146
-398232
37312
380847
983276
-714277
-556664
-184916
141796
-521624
-902113
274196
715229
-246279
-936904
-883599
-885676
666307
-606724
-315491
282380
97739
680316
-590055
776272
371085
-140283
966168
421389
-797322
511616
-675296
-347818
855252
-100575
-743769
-837945
-417152
-161570
-886686
628371
868675
-694145
836792
870958
286498
-148083
-535612
594733
566760
-174873
-554611
958132
55188
-933629
647898
-713486
805592
617773
869724
717637
160531
43605
-548728
-473185
55960
-6073
830609
-122118
179847
833975
-857169
-460996
279670
-69946
745368
937461
-917567
-215058
-766546
-908738
363920
446325
-363439
-637810
-932010
-837633
-243563
858613
-59107
-952981
951314
-475069
258389
-390713
603218
900721
490729
-688705
899387
339956
578263
10226
546373
841318
-433525
-311246
-263310
914219
759252
-932536
-993108
368293
38924
-181567
-552145
-61753
474839
69406
-39895
27661
171717
-444953
571645
957166
-276987
-68804
854250
-246257
-504377
-740394
-83470
-311443
-707112
-391605
526901
872431
-135374
-521065
527635
-218596
-19586
-68749
-655340
342930
674700
-945845
972591
647332
672878
266332
401509
-539721
397497
292226
-831030
327638
-909219
-822448
-750271
-279533
-755469
-570168
-386190
-254406
-905758
-826399
-845800
-676660
752406
630341
950466
-716919
-619710
914029
-213008
640365
-33093
-606854
-961483
230457
56318
103172
9775
766487
-108535
25425
-982579
243645
-602613
-782500
855715
411273
923000
485405
-144992
777980
288197
-135147
-353072
290731
-902296
424754
-56885
668756
-516664
288024
822138
-542657
475855
-34731
459407
-273904
366821
-199224
70906
-432607
-892884
983757
256510
435598
-698519
-175988
-601915
-937966
-206580
-992862
-7437
-99718
-527113
84419
-780114
637912
-926600
-655119
90752
-121308
-569652
707058
426308
-834940
535935
934150
999954
-183892
-180788
-768462
-733925
559470
-254608
-621668
-838629
217828
414518
351319
348172
297586
-103739
-265383
103894
-606290
91526
819481
-368735
-653401
894334
-626183
-678792
-764852
-389292
-694522
-916550
374293
-885760
728483
934534
529868
514000
808569
816531
-942739
-502905
-660756
-978796
21542
495702
805581
-752286
944509
-793455
-625406
676436
-516392
283412
130145
998289
329125
743592
715644
-630869
-657341
-627744
-262500
-790372
-148725
-95998
81032
504480
861825
-323570
727350
-372750
22545
-853265
530782
482522
916983
777388
745050
46048
617787
-161028
-982251
-325585
-766371
577191
354536
75598
-737763
-612858
247834
-417642
-428675
92870
726346
133895
-345173
785303
-646028
-207422
790569
209667
273069
534614
116347
594630
-358328
177093
337018
-35643
759750
334657
-676924
-924035
186291
-420255
-602635
-127151
551775
-808539
413624
-218112
411331
496012
-428941
262182
-605095
-75926
572359
266079
-92662
641713
-850689
708666
650586
863072
762531
541246
881563
373421
725228
-217283
663665
326944
980568
-870619
719359
-481040
496793
42740
-820976
-795519
-941736
714685
924968
-679181
-474270
409230
620271
434110
51844
-89093
-47124
-652028
-981315
-574344
306684
76035
84834
379726
672043
-528112
-413458
-397156
173390
