999954
999909
999606
999506
999445
999408
998476
998348
998289
997914
997853
997729
996989
996446
996051
996034
995919
995634
995038
995004
994862
994463
994315
993827
993693
992940
992916
992887
992557
992467
992346
991939
991717
991666
991621
991580
991322
991269
991014
990870
990784
990550
990122
989775
989554
989067
989009
988851
988724
988441
988155
987895
987417
987254
987086
986747
986710
986489
986452
986441
986400
986112
985629
985499
985423
985191
984785
984743
984395
984389
984360
984339
984169
983890
983765
983757
983276
983114
983089
982058
981988
981778
981318
981302
981269
981240
981233
981082
981066
980568
980528
980160
980152
979953
979798
979399
978527
978397
978353
977724
977079
977005
976763
976426
976412
976398
976296
976240
976229
976024
975614
975323
975161
975128
974534
974425
974104
973608
973392
973380
973111
972958
972914
972652
972591
972480
972473
972253
972064
971494
971410
971363
971338
970807
970654
970505
969859
969538
968840
968698
968617
968392
968365
968094
967818
967684
967670
967607
967593
967491
967209
966890
966851
966489
966389
966193
966168
966007
965975
965583
965473
965456
965447
964845
964213
964194
964070
964023
964009
963853
963812
963556
963469
963391
963106
962408
962382
962343
962277
962096
962076
961986
961740
961440
961065
960961
960897
960649
960463
960390
960294
960169
959985
959822
959723
959585
959467
959459
959372
958985
958657
958398
958377
958194
958132
958096
958051
958021
957841
957699
957166
957019
956882
956656
956439
956389
956214
955933
955692
955619
955551
954960
954799
954553
954306
954074
953978
953974
953829
953771
953428
953403
952864
952818
952757
952506
952244
952116
952062
951976
951793
951636
951494
951487
951330
951314
951198
951077
951005
950874
950813
950674
950466
950276
950274
950056
949735
949680
949668
949480
949383
949274
948926
948872
948817
948752
948680
948615
948201
947539
947286
947177
947092
946971
946794
946666
946594
946526
946341
946237
945732
945537
945387
945327
945062
944851
944678
944509
944486
944255
944056
943735
943372
943296
943272
943241
943184
943085
943024
942924
942312
941922
941886
941810
941568
941194
940950
940283
940135
939741
939661
939480
939296
938766
938566
938506
938444
938382
937461
937043
936902
936813
935840
935469
935368
935354
935307
935247
935015
934668
934534
934155
934150
933971
933484
933326
932965
932904
932884
932867
932769
932744
932547
932488
932475
932127
932074
932008
931690
931674
930977
930930
930847
930485
930384
930276
930257
930086
929957
929633
929569
929545
929528
929442
929417
929057
929037
928614
928585
928342
928067
926880
926874
926859
926584
925922
925772
925727
925487
925405
925211
925056
924968
924857
924338
923991
923601
923000
922872
922729
922491
921984
921759
921441
921113
920922
920807
920751
920738
920321
919684
919541
919489
919380
919139
918829
918765
918282
918203
917825
916988
916983
916899
916590
916214
915646
915490
915381
915323
915256
915134
915091
915079
914680
914234
914219
914029
913994
913506
913418
913035
912967
912232
912199
911592
911369
911242
910899
910776
910722
910648
910403
910358
910356
910303
910273
909968
909823
909660
909641
909353
909333
909078
908810
908707
908695
908530
908469
908284
908100
908041
907994
907830
906911
906529
906028
906016
904941
904537
904188
904111
903939
903764
903727
903687
903478
903027
902971
902853
902823
902728
902715
902655
902654
902424
902413
902171
901988
901915
901794
901412
901400
901223
900812
900721
900522
900496
900172
899701
899583
899472
899387
899368
899069
898609
898385
898125
898010
897979
897809
897746
897703
897656
897277
897224
897056
896988
896813
896583
896572
895944
895505
895318
895233
895005
894793
894516
894334
894134
893959
893922
893887
893884
893867
893646
893237
893077
892966
892855
892404
892373
892249
892242
892159
891672
891214
890924
890657
889939
889854
889852
889800
889708
889626
889392
889205
888824
888792
888578
888561
888463
888101
888062
887929
887762
887733
887463
887340
887146
886990
886287
886108
885806
885613
885574
885333
885326
885319
885253
885015
884310
884184
883733
883344
883296
883247
883209
882956
882804
882576
882541
882390
881832
881794
881563
881551
881523
881244
881133
880754
880707
880554
880491
880374
880267
880183
880142
880045
879089
879036
878889
878497
878436
878388
878309
878223
878088
877875
877574
877536
877206
876966
876944
876917
876590
876183
875914
875656
875498
875411
875400
875175
875035
874718
874694
874670
874536
874533
874428
873461
873240
873014
872757
872546
872449
872431
872288
872223
872123
871331
871276
871097
871084
870958
870227
869774
869730
869724
869718
869484
869001
868997
868675
868615
868025
867857
867327
867311
866820
866755
866715
866536
866335
866307
866267
866111
866055
866037
865637
865449
865384
865357
864706
864674
864302
864268
864122
863072
863017
862891
862557
862395
862368
862037
861832
861825
861367
861269
861266
861118
860935
860428
860303
860159
859951
859929
859684
858902
858863
858779
858750
858613
858527
858416
858344
858330
858018
857879
857273
857185
857085
856909
856872
856853
856632
855715
855715
855500
855252
855252
854754
854487
854250
853770
853044
853012
852998
852729
852317
852076
851525
851322
851089
850929
850832
850773
850419
849847
849643
849490
849375
848991
848343
847799
847624
847406
847363
847243
847090
846899
846830
846414
846372
846202
845953
845563
845437
845297
845080
844506
843729
843705
843648
843437
843372
843063
842897
842502
842186
842179
841939
841774
841645
841336
841334
841318
841274
841269
840929
840671
840260
840145
839987
839823
839745
839744
839512
839185
839025
838930
837193
837012
836943
836792
835805
835522
835225
835202
835098
835081
834942
834365
834280
833975
833892
833715
833652
833628
833142
833055
833016
832792
832761
832729
832665
832659
832654
832455
832274
831970
831765
831703
831611
831358
831092
831002
830891
830856
830762
830609
830168
830117
830014
829080
829058
829056
829018
828775
828695
828556
828422
828396
828292
828083
828052
828026
827540
826845
826573
826532
826505
826470
826429
826358
826227
826197
826082
826080
825581
825421
825096
825093
825081
825005
824658
824546
824078
823884
823342
823158
823029
822934
822875
822671
822641
822601
822532
822501
822381
822138
821411
821244
820875
820505
820499
820284
820093
819905
819744
819687
819481
819414
819270
818973
818835
818113
817929
817896
817887
817877
817492
817443
817378
817262
817218
816791
816662
816652
816634
816531
816231
816203
815749
815552
815355
815341
815285
815264
814837
814706
814671
814450
814440
814289
813949
813612
813495
813483
813125
813053
813016
812771
812242
812195
812177
811697
811436
811340
810764
810336
810305
810304
810229
810117
809879
809712
809288
809168
809084
808771
808695
808620
808586
808569
808542
808418
808307
807962
807825
807311
807164
807126
807098
806867
806603
806589
806568
806518
805933
805748
805592
805581
805558
805411
805341
804920
804725
804255
804180
803911
803893
803659
803379
803333
803103
802995
802675
802611
802011
801892
801453
801363
801286
801118
800365
800198
800124
800066
799929
799920
799888
799850
799708
798749
798735
798577
798339
797902
797846
797624
797498
797083
796888
796767
796747
796626
796269
796000
795989
795396
795224
794973
794911
794907
794433
793677
793498
793166
792821
792657
792540
792379
792338
791904
791548
790569
790569
790481
790072
789988
789877
789477
789197
788877
788655
788622
787702
787140
786566
786531
786460
786382
786310
786144
786081
785883
785597
785491
785481
785456
785303
785228
785224
785066
784887
784842
784812
784680
784580
784394
784193
783996
783988
783895
783849
783385
783133
783118
782698
782423
782283
782138
782084
781975
781791
780920
780837
780505
780318
780084
780051
779707
779434
778986
778884
778842
778657
778575
778220
777980
777694
777388
777183
777174
776767
776272
776148
776091
775707
775614
775584
775506
775196
775139
774980
774916
774449
774435
774121
773666
773501
773428
773125
772616
772533
772394
772334
772289
772140
771914
771831
771706
771432
771236
770040
770033
770031
769811
769767
769621
769479
769347
769261
769171
769094
768579
768185
767912
767883
767782
767419
767079
766918
766749
766623
766548
766487
765810
765764
765483
765298
765296
765201
764920
764853
764535
764389
764336
764175
764165
763957
763647
763626
763006
762834
762719
762717
762558
762531
762481
762449
762359
762173
762054
761937
761867
761641
761536
761286
761273
761071
760968
760964
760789
760531
760424
760347
760341
760325
760273
760251
759750
759373
759252
758523
758312
758261
757893
757500
757399
757174
756502
756220
756131
756053
755945
755900
755703
755340
755339
754904
754437
754131
754028
753938
753591
753538
753350
752834
752815
752810
752805
752696
752644
752501
752482
752406
752307
752168
752103
751904
751782
751762
750683
750587
749447
749246
748953
748724
748655
748566
748361
748278
748223
748093
748032
747768
747544
747533
747236
747209
746772
746731
746471
746443
746371
746092
746078
746006
745881
745881
745842
745487
745394
745368
745356
745307
745050
744834
744621
744083
743592
743342
743134
742961
742922
742073
741728
741414
741382
740996
740974
740653
740559
740548
740375
740342
740265
740234
740171
740010
738988
738981
738552
738459
738200
737952
737802
737702
737657
737044
736846
736532
735947
735895
735751
735355
735065
735025
734796
734788
734712
734701
734669
733927
733706
733577
733527
733179
733177
733138
733055
732387
732208
732183
732108
732073
731924
731849
731635
731589
731485
731335
731034
730946
730939
730752
730662
730234
729662
729512
729466
729020
728787
728619
728609
728483
728403
727350
726755
726717
726645
726346
726298
726225
726175
726085
726067
725711
725395
725228
725079
724871
724831
724714
724662
724636
724530
724182
724047
723670
723465
723375
723151
723139
723009
722241
722240
721658
721526
721081
720855
720543
720388
720373
720288
719849
719825
719639
719630
719359
719276
719050
719032
718817
718597
717803
717637
717630
717550
717527
717404
717155
716635
716549
716467
716348
716264
715961
715831
715713
715644
715471
715405
715229
715027
714957
714689
714685
714095
713700
713685
713609
713606
713495
713128
713070
713021
712761
712369
712182
712123
711052
710982
710962
710956
710569
710383
710381
710104
709949
709763
709746
709518
709516
709508
709277
708978
708970
708938
708680
708666
708259
708062
707950
707800
707767
707736
707723
707666
707556
707484
707371
707280
707253
707058
706835
706659
706179
706057
705327
705298
705237
705169
705089
704637
704591
704420
704292
704040
703839
703808
703187
702867
702833
702636
702548
702266
701731
701695
701617
701546
701479
700616
700579
700523
700496
700490
700417
700020
699187
698965
698692
698676
698610
698511
698507
697849
697849
697752
697211
697042
696731
696439
695862
695776
695536
695426
695329
695237
695040
694754
694536
694035
693716
693546
693326
693111
692691
692637
692362
691960
691850
691608
691528
691292
691263
691133
690775
690700
690662
690521
690482
690480
690442
690228
690145
690143
690016
689849
689642
689155
689135
689085
688752
687437
687093
686989
686470
686291
686225
685998
685639
685242
685132
685020
684487
684371
684214
683865
683819
683645
683441
683388
683175
683056
682729
682514
682278
682203
682046
682035
682024
681466
681158
680808
680715
680629
680470
680386
680316
680226
680083
679728
679709
679476
678924
678393
678336
678116
677744
677496
677199
677068
676953
676625
676520
676436
676248
676145
676079
676015
675959
675904
675798
675609
675564
675298
674700
674665
674529
674298
674262
674241
674207
674188
674133
673931
673017
672879
672878
672735
672687
672605
672465
672383
672098
672043
671931
671863
671828
671476
671035
670891
670859
670243
670194
669985
669827
669701
669650
669102
668756
668725
668281
667864
667832
667758
667520
667219
667116
667052
666969
666945
666664
666522
666399
666307
666285
666132
665979
665862
665571
665555
665017
664994
664806
664410
664190
664175
664001
663815
663722
663692
663665
663358
663151
663068
662621
662491
662059
662056
662050
661196
660991
660685
660630
660197
659574
659273
659176
659110
658762
658728
658696
658603
658341
658301
658233
657377
657233
656863
656734
655990
655706
655633
655522
655472
655254
654563
654287
654065
653555
653380
653222
652687
652449
652015
651786
651667
651654
651451
651112
650912
650875
650818
650737
650586
650394
650047
650038
649907
649666
649646
649559
649077
648944
648834
648820
648749
648580
648205
648066
647898
647690
647332
647060
646264
646186
645833
645682
645552
645206
645120
644946
644418
643933
643368
643120
643029
642682
642650
642642
642577
642128
641832
641750
641713
641689
641543
641317
640889
640867
640536
640383
640365
639828
639777
639365
639229
639212
639079
639045
638862
638508
638017
637969
637912
637481
637404
637123
636971
636956
636926
636804
636577
636506
636184
636162
636041
635919
635397
635336
634996
634842
634816
634134
633963
633821
633638
633633
632999
632564
632364
632199
632142
632119
631897
631831
631818
631537
631498
631456
631441
631398
630925
630719
630445
630341
630317
630031
629932
629864
629401
629126
628755
628558
628371
628229
627752
627211
627154
626976
626861
626772
626679
626009
625932
625203
625053
624856
624225
624142
623892
623834
623814
623236
623027
622816
622374
622354
622144
622104
621979
621882
621769
621418
621247
621197
621104
620888
620883
620864
620420
620271
619765
619608
619594
619471
619156
618736
618545
618513
618401
617978
617862
617788
617787
617786
617773
617764
617713
617543
617501
617366
616734
616504
616222
616161
615703
615633
615490
615279
615275
615113
615086
614775
614556
614016
613825
613804
612935
612854
612722
612582
612473
612420
612343
612310
612291
612101
611701
611477
610879
610690
610263
610257
610132
610129
609857
609668
609647
609602
609352
609285
609157
609008
608867
608609
607993
607872
607608
606971
606854
606793
606576
606569
606510
606333
606187
605945
605788
605769
604699
604690
604629
604390
604033
603815
603781
603614
603452
603448
603366
603246
603218
602872
602839
602714
602460
602412
602176
602103
601714
601620
601515
600964
600962
600829
600674
600647
600606
600442
600403
600132
600012
600005
599995
599978
599610
599078
598839
598723
597907
597458
597407
596170
596153
596010
595836
595470
595330
595097
594733
594630
594582
594528
594382
594330
593821
593636
593534
593162
593013
593005
592871
592703
592625
592287
592047
591952
591853
591784
591750
591550
590873
590063
589144
588858
588830
588775
588551
588152
587907
587870
587775
587646
587633
587514
587225
587139
586937
586902
586612
586590
586430
586198
586077
585937
585757
585721
585586
585532
585511
585262
585063
583900
583716
583505
583251
583147
582911
582837
582387
582386
582134
582134
582087
581876
581526
581501
581455
581315
581272
580053
579912
579815
579783
579013
578983
578967
578758
578747
578592
578491
578307
578263
577676
577580
577542
577191
576995
576722
576691
576664
576627
576613
576406
576127
576114
575933
575886
575490
574782
574386
573918
573513
573269
573155
573020
572872
572838
572689
572359
572216
571864
571645
571582
571495
570860
570555
570493
570253
570210
570022
569676
569399
569346
569249
569086
568803
568640
568639
568440
568084
568027
567569
567420
567381
567372
567109
566922
566908
566760
566504
566070
565745
565676
565349
565346
565281
565218
564612
564393
564339
563954
563515
563514
562895
562781
562322
562020
561920
561869
561612
561562
561551
561194
561119
560830
560801
560682
560542
560480
560463
560360
560100
560012
559897
559871
559793
559470
559316
559070
558848
558673
558488
558471
558388
558295
558202
557700
557599
557552
556929
556905
556825
555986
555874
555809
555758
555593
555565
555445
555313
555088
554420
554351
554309
554161
554146
554074
554066
553867
553520
553399
553337
553254
553233
553211
552870
552706
552652
552601
552367
552119
551775
551554
551515
551164
550166
550130
549859
549575
549011
548886
548656
547942
547836
547736
547627
547421
547407
547329
547136
546373
546088
546055
545990
545544
545537
545098
544856
544809
544770
544636
544630
544455
544178
544036
543968
543667
543601
543519
543337
543327
543254
543203
543186
542991
542828
542519
542510
542488
542375
542341
542086
542042
541619
541547
541246
541072
541020
541001
540767
540675
540636
540544
540539
540375
539777
539511
539107
538824
538186
538030
537992
537652
537381
537302
537273
537100
536972
536843
536798
536589
536483
536079
535935
535835
535511
535351
535297
534927
534910
534883
534752
534746
534740
534648
534614
534367
534070
534061
533896
533661
533636
533316
533156
532147
531827
531660
531058
530782
530500
530419
530322
530307
530215
530118
529868
529788
529729
529293
529288
528529
528496
528211
528152
527635
527579
527230
526901
526891
526805
526635
526495
526464
526244
526018
525912
525712
525627
525546
525427
525390
525334
523865
523850
523737
523558
523325
523221
523102
522587
522586
522398
522028
521598
520913
520573
520503
520411
519570
518464
518187
518067
517905
517851
517331
516905
516702
516336
516126
515629
515581
515527
515348
515314
515313
515191
514721
514266
514146
514036
514000
513631
513286
513065
512509
512249
512109
511616
511411
510961
510740
510661
510068
510006
508982
508650
508497
508445
508138
507866
507712
507672
507603
507073
506777
506760
506752
506599
506166
506027
505883
505717
505699
505544
505350
505157
505015
504889
504626
504480
504330
504181
504154
503841
503712
503251
502652
502516
502461
502337
502310
502169
502151
502146
502076
501829
501705
501209
500943
500860
500324
500285
500192
500053
499995
499625
499597
499285
499261
498894
498851
498729
498719
498289
498273
498257
498193
498018
497960
497724
497542
497433
496956
496847
496793
496733
496635
496630
496399
496358
496319
496012
495945
495702
494849
494716
494666
494631
494426
494331
494277
494205
494151
493782
493530
492703
492697
492443
492125
492105
491963
491620
491578
491453
491296
491261
490948
490901
490852
490729
490561
490538
490285
490256
489981
489698
488912
488822
488726
488440
488341
488168
488068
488020
487989
487850
487841
487736
487378
487049
487036
486967
486650
486413
486223
485736
485719
485643
485405
485365
485313
485155
485111
484838
484800
484538
484521
484189
483919
483816
483702
483546
482890
482522
481484
481451
481237
481087
481056
480820
480625
480383
480153
480146
480072
480032
479607
479165
478888
478862
478582
478581
478553
478351
477704
477222
477093
477074
477021
476458
476446
475915
475855
475568
475494
475252
474839
474634
474506
474261
474241
473713
473483
473368
473292
472893
472788
472012
471781
471445
471310
471187
470705
470086
469738
469508
469061
468803
468789
468784
468381
467861
467583
467513
467408
466967
466859
466542
465831
465773
465633
465576
465548
465530
465244
465141
464690
464480
464438
464254
464118
464031
464010
463954
463856
463775
463512
463460
463344
463152
463077
462764
462741
462688
462510
462496
461942
461210
461157
461086
461075
460784
460205
459970
459708
459412
459407
459361
459199
459052
458687
458026
457657
457620
457610
457401
456958
456795
456604
456582
456229
456157
456046
455775
455683
455665
455612
455420
455378
455267
455107
455106
455041
454806
454793
454724
454713
454569
454017
453992
453832
453752
453543
453432
453311
453271
453017
452990
452940
452555
452384
452353
452278
452264
452042
451825
451286
450747
450401
450331
450111
449993
449726
449370
449108
449030
448966
448694
448639
448508
448489
448413
448297
447762
447337
447221
447045
446901
446742
446736
446712
446558
446473
446388
446325
446269
445969
445930
445689
445525
445489
445415
445087
445005
444712
444371
444100
443899
443876
443726
443711
443700
442998
442163
441876
441652
441588
441295
441089
440840
440729
440725
440557
439526
439446
438917
438772
438726
438706
438470
438460
438179
438060
437827
437689
437502
437490
437426
437373
436968
436231
436133
436073
435598
435538
435429
435360
434995
434877
434675
434418
434291
434113
434110
433636
433267
433265
432816
432720
432625
432372
432352
432333
432318
432207
431767
431514
431286
431075
430796
430515
430393
430392
430285
430163
430161
429662
429578
429131
428915
428862
428494
428151
427850
427756
427682
427448
427426
427326
427047
426841
426788
426593
426308
425676
425364
424831
424819
424808
424754
424734
424301
424063
423925
423904
423815
423450
423449
423212
423146
422780
422502
422210
421847
421642
421623
421603
421389
421232
420473
420441
419602
419496
419429
419216
419082
418908
418784
418532
418389
418085
417968
417904
417233
417033
416948
416874
416754
416628
416413
416006
415820
415536
415530
415443
415407
415377
415109
415033
415027
414952
414916
414518
414273
413624
413356
413232
413164
412979
412853
412763
412571
412207
412130
411943
411843
411331
411273
410490
410128
410068
410019
409652
409459
409230
408929
408468
408375
408202
407694
407344
407320
407257
406877
406875
406499
406466
406257
405442
405352
405217
405160
405054
404804
404748
404694
404672
404535
404294
404163
403994
403819
403006
402691
402270
402100
401509
400907
400388
400375
400239
400186
400103
399892
399284
399219
399062
399022
398850
398800
398794
398224
398080
397917
397677
397497
397452
397355
396994
396967
396541
396430
396350
396047
396005
395891
395675
395558
395017
394962
394857
394698
393973
393658
393454
393134
393094
392655
392638
392623
392410
392126
391627
391621
391508
391195
391097
391063
390690
390441
390344
390303
390269
390215
390013
389823
389527
389503
388507
388456
388126
388050
387988
387922
387909
387789
387442
387080
386920
386856
386767
386740
386324
386314
386224
386022
385876
385674
384964
384754
384746
384650
384637
384053
384028
383991
383891
383345
383235
383204
383073
382722
381965
381216
381002
380847
380722
380579
380369
380278
380206
380016
380011
380010
379776
379728
379726
379505
379428
379413
379046
378681
378549
378517
378461
378070
377969
377819
377595
376664
376614
376553
376545
376253
375819
375775
375593
375545
374943
374484
374342
374293
373959
373937
373918
373839
373644
373421
373349
373200
372502
372468
372276
372265
372078
371989
371900
371854
371820
371458
371384
371333
371085
370810
370730
370711
370703
370614
370219
370181
369731
369712
369645
369597
369246
369015
368944
368725
368636
368540
368293
368186
367983
367951
367852
367571
367415
367115
366962
366945
366821
366699
366310
366036
365761
365713
365549
365200
365100
364974
364706
364426
364057
363920
363918
363772
363338
363071
362646
362427
362319
362299
362254
361932
361911
361334
361010
360962
360680
360516
360452
359944
359897
359731
359514
359340
359306
359057
358702
358670
358430
358347
358231
357690
357373
357160
357153
357018
356929
356718
356703
356470
356187
355591
355526
355478
355459
355179
355014
354536
354026
353752
353730
353706
353704
353693
353582
353570
353385
353252
352877
352822
352743
352336
352214
352165
352025
351849
351715
351382
351319
351281
351125
351112
350863
350682
350545
350221
349715
349662
349496
349211
349179
348958
348370
348316
348233
348231
348172
348023
347515
347110
346945
346646
346570
345982
345942
345798
345740
345353
345228
344989
344728
344331
344106
343927
343898
343743
343671
343558
343228
343135
342964
342930
342735
342260
342086
341837
341782
341420
341012
340861
340853
340805
340606
340593
340530
340406
340123
340112
339956
339418
339331
339131
338847
338225
337906
337398
337397
337112
337018
336461
336117
335467
335296
335072
335055
334821
334657
334330
333792
333705
333443
333232
333087
332759
332207
332094
331840
331382
331097
330927
330903
330497
330405
330106
329819
329746
329535
329488
329208
329128
329125
329038
328179
328039
327893
327700
327638
327077
326944
326903
326902
326280
325939
325925
325761
325298
324647
324439
323882
323455
323037
321931
321878
321828
321563
321539
321330
321124
321087
320695
320505
320440
319696
319609
319540
319432
319324
319275
318833
318212
317500
317141
317140
317016
316952
316700
316198
316064
316015
315960
315863
315176
315169
314838
314696
314576
314521
314471
314380
314048
313801
313715
313598
313282
313183
313094
313005
312870
312752
312565
312338
312037
312030
312019
311624
311474
311139
310984
310585
310478
310462
310065
309975
309732
309255
309091
308534
308226
308216
307893
307597
307361
307325
307072
306716
306684
306684
306524
306419
305998
305957
305907
305695
305485
305098
305083
305051
304974
304558
304283
304177
303993
303741
303674
303608
303374
303065
303016
302789
301929
301917
301743
301743
301620
301263
301260
301099
300971
300807
300738
300472
299880
299851
299746
299605
299389
299339
299249
299003
298601
298390
298144
298130
297870
297767
297603
297586
297499
297481
296295
295592
295178
294999
294710
294206
294037
293967
293874
293794
293452
293333
292905
292816
292675
292655
292491
292477
292349
292226
292154
291741
291690
291667
291630
291448
291439
291416
291224
291162
291023
290865
290731
290232
290217
289795
289623
289417
289160
289140
288994
288364
288345
288197
288072
288024
287992
287892
287651
287635
287604
287194
287133
287100
286938
286699
286498
286429
286359
286141
286030
285830
285650
285130
285101
284764
284635
284600
284586
284507
284446
284120
284051
283965
283785
283521
283412
283314
283184
283048
282802
282650
282380
282132
281854
281501
281418
281374
281180
281035
280904
280714
280512
280469
280458
280342
280016
279939
279888
279670
279624
279237
279047
279002
278893
278740
278666
278524
278414
278386
277920
277602
277302
277287
276996
276866
276655
276620
276529
275973
275902
275881
275757
275337
275318
275114
274896
274766
274556
274398
274196
274159
274153
273901
273708
273457
273422
273069
273059
273042
272867
272458
272174
271700
271588
271548
271546
271373
271279
271179
270953
270757
270739
270625
270618
270247
269723
269611
269383
269336
268973
268778
268719
268475
268247
268199
267883
267727
267399
267011
266971
266935
266776
266495
266332
266151
266079
266071
265774
265657
265490
264978
264258
264217
264127
264033
263970
263950
263771
263637
263213
263147
262992
262864
262388
262184
262182
262080
262062
261981
261774
261642
260859
260853
260758
260679
260581
260476
260435
260366
260251
260236
260196
259918
259907
259860
259707
259559
259203
259151
259002
258957
258947
258467
258437
258430
258389
258074
257991
257788
257222
256841
256640
256510
256395
256097
256041
255923
255568
255512
255063
254908
254859
254559
254542
254415
254319
254310
254210
254208
254010
253969
253857
253708
253259
253060
252658
252236
251694
251613
251544
251340
250851
250687
250611
250546
250444
250357
250155
249543
248823
248014
247910
247834
247749
247667
247641
247604
247367
247112
246901
246873
246772
246021
245803
245750
245581
245401
245347
244943
244730
244677
244481
244046
243874
243872
243822
243645
243110
243084
243076
243062
242709
241560
241431
241026
240942
240358
240103
239954
239729
239546
239123
239049
239043
238981
238692
238536
238526
238280
238192
237983
237954
237270
237188
237168
236867
236797
236532
236373
236045
235891
235423
235196
234495
234472
234296
234125
233937
233767
233637
233268
232446
232061
231890
231847
231478
231222
231174
231134
231083
230799
230588
230457
230361
230129
230103
230036
229864
229425
229077
228998
228898
228848
228632
228620
227921
227910
227816
227808
227779
227345
227054
226668
226491
225729
225667
225660
225461
225423
225153
224836
224633
224486
224364
224208
224078
223967
223755
223582
223030
222536
222315
222300
222185
222055
222009
221601
221472
221413
221217
220896
220157
220065
220054
220048
219880
219561
219094
218484
218467
218449
218019
217956
217828
217656
217124
216806
216220
216135
215886
215878
215049
215031
214810
214616
214546
214444
214088
213976
213849
213749
213558
213496
213129
213096
213017
212998
212865
212741
212529
212496
212440
212278
211110
210896
210570
210412
210369
210240
210226
209999
209667
209431
208637
208629
208497
208273
207974
207876
207738
207248
207155
206799
206698
206018
205966
205896
205814
205164
204928
204788
204748
204698
204346
204336
203943
203941
203841
203706
203485
203474
203257
203175
203062
202652
202614
202604
202168
201992
201940
201465
201420
200798
200404
200342
200222
199505
199173
199132
199032
199024
198734
198721
198644
198438
198210
198107
197883
197850
197812
197107
197098
197011
196087
195938
195777
195322
194734
194727
194228
194224
194180
193682
193680
193674
193560
193449
193058
192886
192797
192510
192405
192314
192031
191746
191687
191573
191463
191246
190977
190880
190556
190500
190408
190210
189656
189529
189103
189009
188326
188280
188256
188024
187541
187262
187041
186337
186291
186116
186003
185946
185438
185390
185217
185053
184926
184663
184419
183455
183185
182929
182663
182576
182122
182112
181699
181484
181435
181125
181017
180967
180785
180772
180752
180658
180137
179897
179847
179779
179682
179644
179412
179317
179267
179265
179058
178679
178258
177923
177911
177727
177633
177093
176968
176881
176616
176482
176473
176457
176432
176244
176029
175942
175834
175803
175589
175483
175366
174671
174576
173723
173699
173408
173390
172893
172859
172755
172722
172360
172185
172176
172148
171903
171757
171717
171664
171350
171313
171278
171075
171017
170932
170924
168984
168766
168664
168558
168300
167957
167697
167250
166311
166310
166029
165455
165363
165248
164927
164549
164364
164158
163824
163541
163234
163209
162906
162451
162315
162078
161976
161887
161834
161588
161574
161550
161497
161360
160886
160847
160650
160531
160513
160392
160196
160079
159982
159793
159565
159237
159143
158886
158867
158857
158583
158451
158311
157846
157782
157422
157306
157190
156514
156240
156011
156007
155880
155799
155723
155695
155675
155527
155486
155157
154992
154719
154529
154507
154350
154109
153769
153397
153037
152504
152251
151697
151619
151366
150985
150849
150782
150714
150553
150070
150056
149770
149742
149028
149011
148673
148423
148412
147576
147500
147365
147223
146984
146842
146800
146755
146429
146104
145511
145044
145042
144725
144269
144202
144172
143939
143619
143606
143195
142772
142313
141802
141796
141480
141148
140692
140596
140476
140191
140103
139777
139342
139029
138747
138391
138043
137992
137941
137670
137299
137239
137197
136986
136974
136715
135585
135582
135279
135122
134916
134690
134171
133895
133685
132990
132642
132435
132346
132306
132201
132098
132038
131736
131529
131250
131044
130970
130858
130854
130695
130471
130253
130145
130136
129904
129441
129423
129287
129202
128901
128514
128460
127784
127742
127702
127577
127361
127336
127312
127290
126310
126293
125689
125194
125138
125048
124897
124723
124648
124502
124433
124430
124224
124188
123981
123924
123583
123427
122984
122753
122750
122736
122513
122116
121565
120939
120542
120498
120437
120265
120151
120070
119868
119864
119467
119416
119343
119341
118392
118265
117709
117549
117440
117421
117408
116531
116347
115884
115728
115601
115146
114787
114733
114681
113884
113706
113662
113504
113082
112746
112571
112551
112428
112337
112002
111796
111677
111556
111556
111405
110999
110378
110326
110286
109657
109432
109229
107953
107844
107645
106971
106705
106675
106600
106421
106267
106134
106060
105995
105605
105583
105525
105315
105105
105093
105026
104991
104822
104340
104197
104148
104022
103894
103193
103172
103171
103154
103045
102916
102603
102536
102407
102261
101956
101526
101466
101291
101026
100774
100598
99991
99626
99619
99489
99328
99162
98818
98529
98385
98326
97780
97739
97685
97336
97332
97209
96950
96831
96485
96121
96048
95848
95718
95706
95055
94920
94900
94838
94673
94182
94126
93640
93523
93294
92969
92870
92603
92026
91903
91673
91639
91526
91349
91334
90752
90701
90368
90290
90106
90022
89961
89861
89506
89404
89358
89079
89013
88973
88882
88864
88808
88604
88372
88136
88036
88010
87974
87692
87156
86993
86651
86598
86543
86460
86124
86100
85928
85660
85480
85449
85396
85210
84880
84834
84747
84726
84448
84429
84419
84368
84307
84180
84143
84076
83909
83759
83330
83119
82750
82117
81751
81666
81607
81429
81416
81097
81059
81032
80887
80628
79958
79877
79667
79474
79332
79272
78971
78751
78594
78559
78231
78192
78087
78080
77548
77493
77285
76947
76891
76648
76569
76035
76016
75868
75598
75309
75286
75236
74731
74632
74614
74583
74518
74376
74314
74226
74135
74073
73967
73400
72964
72896
72817
72744
72697
72102
71730
71700
71626
71422
71149
71005
70906
70522
70372
70219
70121
69945
69745
69566
69483
69436
69406
69399
69327
69241
69206
69204
69023
68901
68679
68179
67919
67720
67429
67410
67377
67237
66949
66799
66413
66096
65834
65720
65518
65494
65331
65272
65209
65109
65070
65065
65051
65009
64768
64489
64373
64034
63913
63887
63879
62618
62435
62407
62322
62102
61710
61440
61396
61388
61064
60473
60458
60344
60053
59915
59910
59541
58967
58679
58585
58373
57781
57709
57588
57559
57245
57233
57088
56581
56481
56379
56318
55960
55510
55188
55110
55072
55014
54880
54539
54517
54481
54084
53966
53887
53754
53671
53360
52987
52942
52538
52262
52251
52212
51844
51566
51402
51330
51245
50805
50047
49914
49790
49753
49733
49706
49301
49271
48882
48703
48666
48664
48179
48105
47990
47866
47723
47358
46573
46418
46073
46048
46030
45970
45875
45868
45804
45610
45391
45261
45195
44668
44579
44189
44072
43744
43605
43565
43388
43286
43218
42740
42733
42567
42482
42477
42360
42282
41838
41697
41626
41380
41343
40979
40827
40458
40396
40368
40043
39746
39047
38950
38924
38897
38663
38335
37723
37558
37325
37312
37093
37058
36590
36581
36408
36338
36288
36225
36181
35829
35339
34861
34508
34472
34153
33969
33903
33739
33736
33579
33543
33513
33256
33182
33026
32785
32746
32691
32269
32149
32065
31890
31688
31433
31306
31243
31143
30951
30798
30756
30176
29991
29973
29849
29558
29306
29196
29020
28774
27977
27950
27661
27329
26939
26770
26643
26372
26257
25865
25864
25791
25593
25425
25215
25144
25062
23823
23505
23494
23494
23345
23153
22771
22545
22425
22361
21831
21767
21542
21176
21171
21144
21142
20551
20288
19943
19736
19525
19499
19129
18792
18554
18518
18326
18182
18051
17955
17648
17332
17009
16953
16946
16747
16641
15603
15472
14882
14244
13942
13898
13627
13011
12710
12023
11874
11721
11600
11511
11481
11426
10899
10873
10825
10819
10668
10587
10226
10087
9944
9876
9846
9837
9775
9464
9044
8530
8493
8485
8333
8218
8029
7797
7697
7246
7151
7063
6722
6215
6187
6000
5769
5487
5401
5209
4941
4805
4742
4600
4550
4487
4267
4077
4063
4060
4054
3732
3657
3569
3517
3501
3494
3341
3285
3268
2927
2781
2691
2605
2323
2288
1876
1709
1403
805
277
-71
-139
-239
-367
-375
-1176
-1297
-1304
-1381
-1702
-1850
-1867
-1919
-2215
-2362
-2401
-2603
-2620
-2994
-3429
-3506
-3878
-3889
-4545
-4605
-4967
-4980
-5572
-5921
-6073
-6176
-6195
-6295
-6528
-7324
-7437
-7817
-8304
-8492
-8547
-8721
-8805
-8927
-9081
-9426
-9973
-10718
-10763
-10806
-11049
-11382
-11449
-11508
-11521
-11995
-12066
-12176
-12235
-12288
-12522
-12610
-12708
-12713
-13051
-13111
-13327
-13477
-13603
-13701
-13960
-13993
-14243
-14382
-14649
-14878
-14982
-14994
-15595
-15632
-15662
-15681
-16106
-16175
-16311
-16934
-17674
-17716
-17802
-17808
-18498
-18561
-18625
-18636
-18759
-19383
-19391
-19586
-19853
-20570
-20711
-21909
-22212
-22264
-22418
-22771
-22818
-22970
-23169
-23340
-23420
-23494
-23581
-23892
-23899
-24047
-24204
-24675
-24702
-25026
-25124
-25253
-25326
-25691
-25729
-25792
-25812
-25828
-25845
-25856
-26309
-26689
-27502
-27517
-27784
-28053
-28223
-28232
-28246
-28334
-28819
-29106
-29341
-29404
-29440
-29729
-30399
-30466
-30618
-30861
-30928
-31656
-31969
-32186
-32248
-32707
-32833
-32845
-32936
-33093
-33165
-33332
-33356
-33988
-34147
-34380
-34673
-34731
-34805
-34962
-35025
-35057
-35060
-35073
-35078
-35100
-35196
-35215
-35458
-35566
-35643
-35964
-36011
-36664
-37086
-37172
-37278
-37347
-37849
-38327
-38397
-38465
-38874
-38980
-39140
-39171
-39249
-39395
-39683
-39685
-39895
-40011
-40041
-40068
-40115
-40303
-40341
-40394
-40718
-40805
-40842
-41564
-41838
-41884
-42129
-43002
-43140
-43266
-43425
-43484
-43619
-44049
-44279
-44369
-44436
-44556
-44626
-44778
-44840
-44846
-45234
-45341
-45356
-45562
-45564
-45755
-45835
-46099
-46213
-46860
-47124
-47274
-47873
-47949
-48043
-48300
-48549
-48728
-48993
-49402
-49464
-49490
-49607
-49614
-49907
-50204
-50513
-50800
-51046
-51085
-51525
-51543
-51713
-52005
-52309
-52435
-52582
-52712
-52784
-53057
-53194
-53373
-53415
-53753
-53848
-53905
-54140
-54506
-54552
-54629
-54771
-55062
-55382
-55680
-55935
-56447
-56450
-56450
-56674
-56816
-56816
-56855
-56885
-57005
-57014
-57075
-57120
-57125
-57239
-57357
-57370
-57428
-57970
-57987
-58027
-58419
-58462
-58727
-58754
-59107
-59170
-59350
-59613
-59754
-59786
-59949
-60026
-60060
-60535
-60953
-61044
-61117
-61508
-61753
-61768
-62209
-62733
-63041
-63052
-63238
-63391
-63893
-63935
-64231
-64412
-65178
-65852
-66401
-66452
-66486
-66706
-66898
-66978
-66997
-67035
-67238
-67617
-67630
-67845
-68351
-68749
-68804
-68844
-69261
-69311
-69364
-69537
-69545
-69946
-70046
-70088
-70142
-70226
-70270
-70364
-70375
-70399
-70417
-70539
-70801
-71091
-71169
-71427
-71750
-71762
-71893
-71994
-72060
-72310
-72312
-72386
-73214
-73300
-73430
-73433
-73759
-73855
-73882
-74650
-74652
-74950
-74971
-75297
-75568
-75571
-75670
-75776
-75827
-75839
-75926
-76068
-76070
-76602
-76742
-76840
-76931
-77331
-77538
-77618
-77800
-77870
-78175
-78381
-79162
-79192
-79511
-79532
-79556
-79605
-79749
-80602
-80785
-80884
-80929
-80941
-81049
-81185
-81199
-81284
-81286
-81828
-82234
-82359
-82523
-82854
-83065
-83276
-83470
-83849
-83855
-83885
-83981
-84286
-84295
-84320
-84499
-84725
-85428
-86188
-86271
-86378
-86390
-86596
-86621
-86778
-86915
-87107
-87380
-87399
-87413
-87925
-87939
-88016
-88091
-88494
-88508
-88767
-88870
-89093
-89695
-89758
-90369
-90828
-90887
-91160
-91578
-91667
-91677
-92181
-92245
-92610
-92662
-92876
-93440
-93551
-93634
-94076
-94273
-94348
-94403
-95083
-95334
-95385
-95599
-95694
-95998
-96122
-96234
-96236
-96320
-96337
-96356
-96433
-96497
-96540
-96986
-97094
-97205
-97275
-97399
-97533
-98001
-98252
-98575
-98596
-98795
-98866
-99306
-99453
-99511
-99546
-99710
-99718
-99949
-100113
-100185
-100351
-100575
-100732
-100836
-101110
-101310
-101475
-101516
-101664
-101720
-101818
-101947
-102354
-102448
-102590
-102725
-102777
-102986
-103233
-103254
-103533
-103563
-103587
-103739
-103855
-104428
-104713
-104816
-105492
-105756
-105827
-105932
-106255
-106390
-106491
-106529
-106530
-106642
-106683
-107032
-107225
-107365
-107500
-107504
-107561
-107612
-107800
-107976
-108448
-108535
-108742
-108833
-108908
-108959
-109026
-109149
-109259
-109340
-110819
-111347
-111410
-111577
-111829
-112007
-112433
-112656
-113304
-113487
-113525
-113960
-113971
-114266
-114268
-114604
-114671
-114924
-114964
-115667
-115877
-116103
-116172
-116230
-116313
-116353
-116389
-116399
-116501
-116862
-117141
-117579
-117656
-117659
-118007
-118146
-118309
-119455
-119554
-120079
-120140
-120235
-120453
-120506
-120639
-120709
-120983
-121065
-121308
-121522
-121685
-122075
-122118
-122191
-122518
-122638
-122715
-122726
-123023
-123160
-123416
-123432
-123680
-123901
-124054
-124173
-124261
-124564
-124798
-125052
-125166
-125517
-125747
-126048
-126265
-126614
-126897
-126967
-127041
-127151
-127162
-127292
-127524
-127746
-127922
-127988
-128417
-128862
-128879
-129035
-129159
-129313
-129395
-129712
-130234
-130245
-130469
-130706
-130803
-131037
-131377
-131470
-131544
-131666
-131745
-131747
-132105
-132695
-133639
-134423
-134994
-135147
-135240
-135374
-135507
-135677
-135976
-136492
-136980
-137082
-137307
-137871
-137912
-138013
-138201
-138324
-138344
-138434
-138515
-138537
-138640
-139036
-139068
-139185
-139196
-139436
-139580
-139789
-139861
-139873
-139927
-140027
-140283
-140557
-140679
-141446
-141586
-142056
-142396
-142846
-142878
-143052
-143053
-143102
-143172
-143227
-143595
-143605
-144013
-144019
-144386
-144560
-144646
-144862
-144992
-145093
-145660
-145663
-145690
-145754
-146367
-146513
-146685
-146750
-146766
-147098
-147190
-147339
-148058
-148083
-148100
-148115
-148247
-148265
-148490
-148559
-148621
-148725
-148900
-149202
-149237
-149259
-149716
-149823
-150015
-150137
-150444
-150871
-150922
-150942
-151017
-151900
-152071
-152194
-152494
-152546
-152947
-152968
-153050
-153925
-154366
-154468
-154637
-154757
-154820
-154859
-154922
-154976
-155309
-155800
-157132
-157448
-157453
-157543
-157952
-157967
-158160
-158249
-158269
-158467
-158758
-158772
-158906
-159098
-159118
-159208
-159544
-159570
-159652
-160145
-160370
-160547
-160643
-160741
-161001
-161028
-161251
-161303
-161310
-161471
-161570
-161715
-161884
-162104
-162284
-162437
-162558
-162904
-163038
-163423
-163515
-163631
-163780
-164102
-164541
-164990
-165442
-166149
-166239
-166498
-166519
-166530
-167200
-167307
-167734
-167932
-168007
-168087
-168277
-168296
-168708
-168852
-168939
-169200
-169240
-169356
-169445
-169852
-170038
-170448
-170592
-170824
-170915
-170977
-171425
-171673
-171704
-172295
-172489
-172700
-173785
-173965
-173992
-174132
-174446
-174732
-174873
-174942
-175141
-175858
-175988
-176655
-176667
-176696
-176745
-176890
-176900
-176929
-177047
-177067
-177202
-177366
-177534
-177707
-177791
-177935
-178134
-178172
-178372
-178463
-178520
-178864
-179137
-179348
-179471
-179677
-179844
-180150
-180374
-180578
-180788
-181039
-181157
-181563
-181567
-181749
-181848
-182545
-182805
-182986
-183193
-183250
-183259
-183280
-183721
-183800
-183870
-183892
-184916
-184994
-185072
-185345
-185889
-186160
-186373
-186428
-186642
-186715
-186823
-186841
-186843
-186872
-187489
-187921
-188101
-188260
-188581
-188611
-188632
-188781
-189046
-189575
-189723
-190353
-190720
-190757
-190864
-191726
-192165
-192506
-192921
-193368
-193469
-193725
-194153
-194391
-194849
-194971
-195019
-195573
-196094
-196256
-196269
-196368
-196766
-197089
-197238
-197240
-197875
-197948
-198157
-198387
-198503
-199224
-199320
-199747
-200033
-200180
-200486
-200546
-200753
-200969
-201001
-201519
-201646
-201734
-201824
-202072
-202189
-202192
-202260
-202555
-203222
-203364
-203402
-203887
-203898
-204087
-204202
-204475
-204797
-205136
-205301
-205506
-205588
-205636
-206262
-206580
-206703
-207389
-207422
-207598
-207847
-207941
-208033
-208112
-208192
-208387
-208711
-208739
-208954
-209277
-209984
-210009
-210086
-210397
-210536
-210690
-211463
-211868
-211944
-212244
-212248
-212588
-212641
-212658
-212680
-213008
-213130
-213357
-213723
-214213
-214226
-214311
-214513
-214701
-215016
-215058
-215060
-215667
-215884
-215925
-216018
-216376
-216392
-216784
-216964
-217283
-217586
-217859
-218112
-218389
-218596
-218609
-218692
-218830
-218902
-218941
-219068
-219328
-219836
-219912
-220264
-220394
-220767
-221377
-221465
-221883
-221954
-222185
-222328
-222442
-222484
-222601
-222670
-222693
-222743
-222964
-223066
-223091
-223460
-223779
-223938
-224047
-224476
-225200
-225711
-225721
-225910
-225941
-225953
-226509
-226824
-226836
-227105
-227385
-227454
-227512
-227767
-228249
-228470
-228541
-228985
-229176
-229286
-229422
-229813
-230547
-231007
-231066
-231105
-231886
-231951
-232199
-232313
-232341
-232919
-233039
-233750
-233772
-233964
-234061
-234149
-234618
-234893
-235135
-235571
-235737
-235948
-235984
-236152
-236244
-236366
-237512
-237601
-238045
-238478
-238529
-238579
-238592
-238837
-238918
-238922
-238969
-238982
-239012
-239090
-239377
-240218
-240280
-240415
-240581
-240756
-240813
-240949
-241248
-241280
-241518
-241534
-241567
-241833
-241936
-242167
-242483
-242698
-242779
-242821
-243381
-243418
-243563
-244049
-244557
-244560
-244636
-244742
-245927
-246082
-246257
-246279
-246288
-246393
-246917
-247217
-247451
-247529
-247665
-247997
-248092
-248181
-248234
-248389
-248640
-248652
-248744
-248799
-249110
-249459
-250069
-251079
-251112
-251184
-251187
-251220
-251359
-251511
-251888
-252107
-252218
-252328
-252357
-252405
-252406
-252417
-252647
-252728
-252768
-253038
-253671
-253854
-254306
-254328
-254406
-254465
-254554
-254608
-254746
-255085
-255261
-255324
-255507
-255697
-255752
-255881
-255909
-256030
-256173
-256230
-256651
-256970
-257272
-257701
-257941
-258501
-258517
-258606
-259132
-259342
-259610
-259636
-259833
-259944
-260339
-260716
-260942
-261353
-261389
-262080
-262500
-262515
-262734
-262945
-263092
-263310
-263323
-263747
-264082
-264122
-264144
-264191
-264387
-264504
-264663
-264665
-264758
-264794
-264943
-265383
-265570
-265733
-265764
-266061
-266127
-266333
-266393
-266473
-266721
-266805
-266841
-267167
-267263
-267887
-267890
-268019
-268412
-268626
-268733
-269034
-269178
-269443
-269445
-269791
-269844
-270069
-270183
-270418
-270655
-270671
-270697
-271071
-271186
-271722
-271828
-271948
-271957
-272195
-272388
-272428
-272506
-272538
-272574
-272778
-273112
-273381
-273904
-274132
-274145
-274175
-274329
-274380
-274530
-274913
-275507
-275951
-276406
-276459
-276520
-276712
-276987
-276987
-277046
-277265
-277477
-277749
-277937
-278014
-278158
-278256
-278443
-278467
-278744
-278854
-279082
-279159
-279265
-279513
-279533
-279700
-279815
-279857
-280062
-280303
-280486
-280649
-280831
-281435
-281568
-281736
-281874
-282146
-282176
-282222
-282265
-282340
-282545
-282581
-282850
-283075
-283080
-283224
-283243
-283285
-283855
-283907
-283962
-284152
-284309
-284343
-284498
-284667
-284682
-285160
-285199
-285217
-285577
-285787
-285906
-285929
-286064
-286320
-286914
-287747
-287859
-288138
-288164
-288355
-288686
-288962
-289136
-289305
-289717
-289930
-290095
-290725
-290886
-291131
-291474
-291477
-291521
-292094
-292460
-292549
-292865
-293008
-293058
-293515
-294802
-295212
-295605
-295668
-295985
-296128
-296270
-296286
-296392
-296852
-297038
-297062
-297536
-297595
-297750
-297852
-298112
-298702
-298888
-299634
-299860
-299879
-299918
-299930
-300672
-300685
-300716
-300723
-300836
-300990
-301111
-301141
-301564
-301601
-301701
-301824
-302320
-302645
-302754
-302920
-303089
-303171
-303258
-303322
-303356
-303424
-303456
-303499
-303628
-303810
-304028
-304151
-304728
-304747
-304838
-305520
-305551
-305640
-305722
-305780
-305950
-306758
-306844
-307009
-307181
-307320
-307428
-307717
-307803
-308799
-308981
-309282
-309310
-309314
-309346
-309492
-309689
-310139
-310238
-310323
-310556
-311246
-311443
-311884
-312842
-313203
-313461
-313507
-313597
-313622
-313686
-313714
-313786
-314017
-314093
-314704
-314731
-314770
-314876
-314915
-314926
-315138
-315322
-315491
-315794
-315800
-315951
-316406
-317395
-318199
-318366
-318689
-318814
-319186
-319223
-319228
-319556
-319831
-319924
-319953
-320017
-320057
-320759
-320762
-320927
-321129
-321196
-321717
-322058
-322080
-322109
-322272
-322405
-322430
-322602
-323002
-323104
-323175
-323570
-323667
-324082
-324556
-324915
-324936
-325003
-325312
-325347
-325585
-325621
-325675
-326027
-326129
-326140
-326284
-326693
-326880
-327150
-327246
-327372
-327519
-327523
-327656
-327748
-327912
-327917
-328014
-328514
-328855
-328908
-330507
-330647
-330715
-330740
-331197
-331251
-331283
-331543
-331649
-332033
-332044
-332055
-332347
-332607
-332772
-332773
-332880
-332986
-333008
-333233
-333692
-333729
-333892
-334255
-334497
-334513
-335128
-335388
-335402
-336187
-336209
-336557
-336672
-336843
-336869
-336916
-337101
-337196
-337280
-337579
-337607
-337968
-338738
-338866
-339977
-339996
-340194
-340487
-340612
-340711
-340823
-340827
-340853
-341061
-341081
-341493
-341537
-341578
-341855
-341855
-341858
-341956
-342045
-342323
-342457
-342737
-343535
-344254
-344338
-344851
-344887
-344937
-344988
-345173
-345611
-345635
-345912
-345961
-346162
-346486
-346549
-346648
-346885
-347274
-347358
-347447
-347695
-347818
-347830
-348146
-348335
-348517
-349341
-349585
-349646
-349726
-349764
-349765
-350163
-350550
-350968
-351381
-351541
-351554
-351565
-351597
-351676
-351787
-351918
-351938
-351979
-352503
-352798
-353013
-353072
-353272
-353465
-353558
-353667
-353700
-353866
-354119
-354176
-354180
-354181
-354332
-354602
-354630
-354923
-354939
-355287
-355939
-356066
-356072
-356250
-356383
-356949
-357246
-357589
-357694
-357720
-357924
-358328
-358650
-358666
-359019
-359059
-359066
-359113
-359192
-359314
-359674
-359696
-359810
-359980
-360089
-360114
-360220
-360415
-360669
-360711
-360734
-360737
-360961
-361183
-361417
-361877
-362056
-362333
-362353
-362457
-362550
-362625
-362836
-362896
-362948
-363424
-363439
-363503
-363529
-363656
-363914
-363930
-363997
-365755
-365809
-365857
-366097
-366145
-366336
-366442
-366541
-366545
-366584
-366706
-366949
-366963
-367021
-367536
-367553
-367698
-367874
-368168
-368262
-368428
-368735
-368773
-369065
-369450
-370203
-370210
-370216
-370302
-370416
-370524
-370621
-371012
-371120
-371186
-371249
-371491
-371755
-372093
-372750
-372946
-373067
-373415
-373584
-373669
-373730
-373849
-373984
-373985
-374093
-374142
-374531
-374689
-375000
-375406
-375970
-376035
-376077
-376120
-376675
-377181
-377275
-377321
-377333
-377380
-377607
-377720
-377843
-377932
-378019
-378032
-378220
-378284
-378315
-378396
-378964
-379166
-379330
-379529
-379661
-379808
-379855
-380089
-380338
-380487
-380527
-380726
-381093
-381524
-382198
-382316
-382372
-382781
-382815
-382965
-382988
-383157
-383383
-383422
-383501
-383555
-383574
-384005
-384171
-384197
-384217
-384272
-384287
-384369
-384485
-384609
-384662
-384690
-384773
-385160
-385674
-385845
-386007
-386190
-386282
-386289
-386488
-386510
-386553
-386577
-386916
-386925
-387013
-387020
-387340
-387418
-388137
-388377
-388397
-388704
-389054
-389292
-389294
-389309
-389636
-389846
-390186
-390352
-390506
-390713
-390806
-390842
-390860
-390922
-391333
-391605
-391649
-392202
-392240
-392416
-392518
-393317
-393580
-393823
-394086
-394365
-394394
-394428
-394549
-394588
-394832
-395443
-395461
-395556
-395676
-395712
-395760
-395784
-395987
-396364
-396424
-396650
-396665
-397045
-397080
-397156
-397387
-397389
-397433
-398232
-398407
-398647
-398677
-399308
-399369
-399535
-399842
-399990
-400232
-400448
-400472
-400622
-400785
-400913
-401202
-401376
-401394
-401617
-401653
-401654
-401992
-402048
-402505
-402538
-402561
-402736
-403155
-403316
-403508
-403585
-404369
-404464
-404630
-404732
-404921
-404954
-405274
-405367
-405741
-405938
-405980
-406221
-406252
-406418
-406431
-406558
-406992
-407004
-407060
-407352
-407639
-407921
-407988
-408050
-408415
-408545
-408570
-408611
-408750
-409380
-409473
-409479
-409587
-410056
-410091
-410102
-410509
-410515
-410519
-411010
-411608
-412530
-412649
-413458
-413559
-413772
-413929
-414040
-414469
-414584
-414619
-414815
-414855
-414875
-414886
-414959
-415245
-415618
-415835
-415843
-416085
-416377
-416729
-416780
-416823
-417152
-417282
-417543
-417575
-417642
-417893
-418059
-418205
-418262
-418566
-419253
-419360
-419569
-419785
-419813
-420255
-420544
-420549
-420589
-420930
-421260
-421461
-421471
-421671
-421772
-421835
-422234
-422331
-422341
-422348
-422407
-422642
-422692
-422817
-422859
-422931
-423112
-423348
-423658
-423710
-423892
-424429
-424653
-424938
-425052
-425600
-425800
-425996
-426080
-426220
-426261
-426739
-426773
-426773
-426794
-426813
-426957
-427637
-427924
-427960
-428313
-428454
-428675
-428784
-428885
-428941
-428953
-428975
-429432
-429498
-429708
-429827
-429971
-430076
-430077
-430079
-430522
-430821
-431177
-431194
-431293
-431715
-432231
-432477
-432562
-432565
-432607
-432635
-432874
-432876
-432899
-432929
-432964
-433017
-433148
-433304
-433525
-433894
-433900
-434095
-434718
-434759
-435191
-435257
-435382
-435665
-435723
-435738
-435804
-435810
-436537
-436635
-436746
-436830
-437164
-437374
-437718
-437744
-438090
-438105
-438692
-438734
-438739
-438776
-438799
-438845
-439179
-439632
-440433
-440641
-440889
-440969
-441657
-442165
-442232
-442363
-443053
-443151
-443632
-443953
-443962
-444001
-444264
-444731
-444953
-445574
-445582
-445596
-446080
-446166
-446328
-446332
-446679
-446700
-447086
-447188
-447215
-447513
-447710
-447810
-447967
-448145
-448217
-448261
-448285
-448390
-448671
-448740
-448792
-448840
-448989
-449334
-449354
-449651
-449711
-449783
-450241
-450254
-450290
-450351
-450508
-450626
-450661
-450749
-450814
-451201
-451209
-451213
-451279
-451476
-451558
-452153
-452206
-452262
-452376
-452583
-452675
-452755
-453011
-453014
-453501
-453795
-454356
-454727
-455270
-455693
-455732
-455806
-455924
-456084
-456136
-456421
-456668
-457508
-457642
-457695
-458058
-458728
-458921
-458937
-459051
-459098
-459604
-459616
-459769
-459896
-459933
-460011
-460235
-460343
-460451
-460453
-460510
-460595
-460996
-461080
-461256
-461423
-461565
-461801
-461846
-461873
-461885
-462124
-462261
-462434
-462841
-462928
-462980
-463099
-463349
-463366
-463438
-463447
-463768
-464117
-464941
-465057
-465114
-465144
-465170
-465393
-465404
-465472
-465776
-465796
-466011
-466206
-466425
-466507
-466780
-466805
-467117
-467539
-467618
-467701
-468425
-468633
-468958
-469242
-469478
-469487
-469717
-469802
-469840
-469991
-470079
-470951
-471107
-471177
-471588
-471651
-471673
-471796
-471850
-471937
-472406
-472433
-472761
-472777
-472816
-473185
-473581
-473619
-473673
-473782
-473894
-473987
-474099
-474270
-474867
-475069
-475105
-475790
-476442
-476514
-476741
-476755
-477535
-478109
-478749
-478946
-479262
-479362
-479542
-480000
-480108
-480238
-480257
-480290
-481040
-481130
-481299
-481348
-481698
-481745
-481927
-482022
-482133
-482418
-482572
-482698
-482698
-482752
-482932
-482959
-483197
-483261
-483874
-484115
-484261
-484318
-484349
-484506
-484790
-485279
-485286
-485578
-485613
-485689
-485693
-485695
-485729
-485784
-485790
-486002
-486035
-486331
-486901
-487033
-487343
-487373
-487416
-487568
-487616
-487633
-487775
-488090
-488456
-488477
-488850
-488855
-488983
-488999
-489005
-489195
-489785
-489798
-490303
-490541
-491106
-491174
-491665
-491916
-491933
-492159
-492293
-492523
-492786
-492853
-493172
-493511
-493566
-493684
-493858
-493964
-494088
-494099
-494361
-494403
-494536
-494607
-494720
-495254
-495658
-495681
-495850
-496185
-496416
-496514
-496528
-496891
-497174
-497221
-497283
-497324
-497760
-498011
-498011
-498193
-498201
-498359
-498369
-499036
-499123
-499429
-499696
-499754
-500122
-500224
-500688
-501279
-501302
-501354
-501673
-502329
-502691
-502696
-502698
-502905
-502926
-503623
-503772
-503922
-504055
-504233
-504237
-504321
-504323
-504377
-504994
-505070
-505168
-505192
-505192
-505366
-505429
-505465
-505513
-505714
-505902
-506299
-506521
-506539
-507147
-507544
-507659
-507745
-508134
-508202
-508386
-509032
-509576
-509615
-509990
-510348
-510600
-510758
-510774
-510783
-510876
-511021
-511139
-511214
-511357
-511948
-512200
-512329
-512457
-512690
-512928
-512978
-513010
-513348
-514521
-514699
-514939
-514982
-515261
-515298
-515344
-515570
-516025
-516387
-516392
-516402
-516594
-516664
-516867
-516869
-517452
-517492
-517563
-517568
-517704
-517748
-517759
-518222
-518241
-518431
-518528
-518645
-518675
-518716
-518768
-518870
-519022
-519212
-519435
-519906
-520448
-520590
-520793
-521065
-521624
-522073
-522080
-522111
-522236
-522293
-522307
-522339
-522630
-522650
-522872
-523086
-523214
-523253
-523305
-523317
-523354
-523551
-523624
-523647
-523677
-523777
-523841
-524040
-524298
-524889
-524993
-525072
-525103
-525149
-525328
-525372
-525613
-525744
-525782
-525989
-526000
-526481
-526799
-526835
-526864
-526905
-526917
-527113
-527134
-527363
-527474
-527751
-527830
-528112
-528302
-528449
-528868
-528892
-529087
-529237
-529262
-529672
-529723
-530259
-530565
-531047
-531263
-531472
-531670
-531814
-531908
-532172
-532537
-532765
-533412
-533516
-533552
-533903
-533961
-534097
-534333
-534375
-534570
-534714
-534774
-534955
-535391
-535612
-535924
-535989
-536197
-536254
-536413
-536442
-536821
-537151
-537179
-537310
-537646
-537807
-538366
-538401
-538415
-538483
-538805
-538883
-538894
-539096
-539721
-539783
-539815
-540101
-540165
-540213
-540215
-540445
-540596
-540654
-540803
-541371
-541555
-541933
-541966
-542269
-542383
-542599
-542657
-542660
-543240
-544059
-544151
-544348
-544402
-544529
-544599
-545030
-545271
-545612
-546198
-546399
-546409
-546826
-547410
-547646
-547650
-548055
-548129
-548129
-548282
-548728
-549116
-549427
-549480
-549572
-549753
-549804
-549804
-550580
-550843
-551164
-551339
-551342
-551912
-551926
-552145
-552153
-552329
-552634
-552677
-552804
-552852
-553003
-553072
-553339
-553393
-553455
-553751
-553944
-553986
-554335
-554611
-554691
-554830
-554973
-555514
-555648
-555649
-555796
-556118
-556664
-556843
-557256
-557794
-557819
-558277
-558347
-558570
-559071
-559082
-559513
-559930
-559955
-560724
-560838
-560873
-560882
-561113
-561130
-561218
-561228
-561564
-562257
-562303
-563007
-563356
-563408
-563422
-563605
-563643
-563826
-563998
-564000
-564394
-564450
-564718
-564771
-564964
-565710
-565921
-565922
-565928
-566133
-566395
-566887
-566943
-567013
-567089
-567354
-567476
-567710
-568546
-568793
-568824
-568860
-568965
-569121
-569126
-569186
-569560
-569581
-569652
-569749
-569830
-569850
-569899
-569929
-570129
-570168
-570626
-570774
-571730
-571907
-571988
-572969
-572972
-573024
-573289
-573454
-573699
-573819
-574077
-574138
-574344
-574674
-574749
-574810
-574979
-575213
-575390
-575507
-575801
-575824
-575887
-576103
-576151
-576344
-576597
-576788
-577138
-577928
-578105
-578143
-578330
-578337
-578568
-578569
-578856
-578877
-578956
-579141
-579424
-579485
-579644
-579755
-580038
-580431
-580586
-580717
-581577
-581650
-581655
-581986
-582242
-582469
-583478
-583630
-583646
-584046
-584088
-584329
-584508
-584913
-585663
-585855
-585962
-586138
-586703
-586873
-587119
-587212
-588007
-588068
-588239
-588425
-588646
-588718
-588917
-589077
-589148
-589397
-589615
-589686
-589880
-590055
-590110
-590635
-591039
-591265
-591323
-591874
-591931
-592193
-592320
-592343
-592387
-592479
-593177
-593711
-593760
-593790
-593795
-593953
-594199
-594296
-594682
-595509
-595877
-595916
-596234
-596477
-597499
-597550
-597555
-597653
-597663
-598145
-598400
-598532
-598789
-599359
-599822
-599840
-599999
-600181
-600337
-600968
-601760
-601915
-601945
-602061
-602260
-602466
-602613
-602635
-602719
-602738
-603087
-603172
-603229
-603607
-603646
-603964
-604061
-604524
-604547
-604824
-605074
-605095
-605204
-605215
-605341
-605723
-605820
-606054
-606208
-606290
-606524
-606604
-606720
-606724
-606854
-607254
-607343
-607418
-607447
-607578
-607632
-607787
-607871
-608681
-609058
-609162
-609172
-609449
-609477
-609553
-609823
-609967
-610168
-610484
-610606
-610810
-610932
-611014
-611757
-611812
-611833
-611969
-612042
-612248
-612418
-612531
-612608
-612793
-612858
-613152
-613564
-613870
-613930
-614007
-614137
-614634
-614998
-615098
-615520
-615612
-615942
-616109
-616167
-616329
-616350
-616529
-616706
-616845
-617082
-617882
-617892
-618218
-618582
-618941
-619173
-619428
-619710
-619881
-620029
-620079
-620333
-620390
-620451
-620832
-620860
-621081
-621145
-621668
-621793
-622204
-622379
-622410
-622737
-623078
-623485
-623547
-623679
-624089
-624485
-624730
-624796
-624941
-625326
-625406
-625859
-625908
-626004
-626183
-626303
-626541
-626823
-626941
-626955
-627125
-627133
-627744
-627787
-627866
-628305
-628551
-628707
-628962
-628983
-629323
-629532
-629627
-629732
-629757
-630478
-630654
-630869
-631010
-631399
-631664
-632514
-632562
-632944
-632947
-633077
-633949
-634047
-634119
-634720
-635155
-635267
-635279
-635472
-635632
-635635
-635904
-635985
-636518
-636888
-637642
-637730
-637810
-637873
-638120
-638143
-638215
-638590
-638720
-638736
-638901
-638919
-639308
-639551
-639555
-640004
-640206
-640266
-640558
-640684
-641212
-641390
-643289
-643333
-643547
-643854
-644076
-644082
-644476
-644720
-644962
-645142
-645163
-645957
-646028
-646158
-646228
-646462
-646759
-646801
-646843
-647143
-647358
-647445
-647753
-647863
-647939
-647983
-648278
-648671
-649011
-649587
-649729
-649792
-649947
-650094
-650427
-650556
-650920
-650943
-651190
-651204
-651732
-651851
-651943
-652028
-652268
-652386
-652476
-652566
-652730
-652746
-652880
-652931
-653392
-653401
-653525
-653867
-653944
-654055
-654692
-654850
-655001
-655119
-655155
-655340
-655429
-655586
-655706
-655824
-656021
-656064
-656336
-656428
-656616
-656720
-657118
-657341
-657434
-657514
-657518
-657952
-658516
-658523
-658858
-659189
-659216
-659465
-659697
-660030
-660161
-660503
-660621
-660750
-660756
-660904
-660990
-661078
-661107
-661209
-661680
-661797
-661798
-661952
-662052
-662105
-662160
-662237
-662320
-662414
-662542
-662567
-662607
-662659
-663033
-663085
-663117
-663596
-663644
-663919
-664085
-664376
-664394
-664608
-664630
-664647
-664689
-664712
-664721
-665175
-665686
-666134
-666243
-667242
-667473
-667498
-667622
-667954
-667958
-667961
-668070
-668533
-668616
-668832
-668972
-669017
-669166
-669299
-669355
-669500
-669973
-670067
-670359
-670407
-670546
-670660
-671721
-671888
-672015
-672098
-672805
-673003
-673063
-673187
-673407
-673466
-673524
-673637
-674190
-675009
-675195
-675296
-675555
-675627
-675676
-675711
-675726
-676547
-676574
-676626
-676660
-676723
-676908
-676924
-677222
-677387
-677396
-677632
-677954
-678029
-678070
-678237
-678727
-678735
-678792
-679181
-679262
-679509
-679796
-679967
-679996
-680032
-680395
-680474
-680630
-680754
-680898
-680937
-681095
-681260
-681419
-681982
-682179
-682300
-682649
-682778
-682919
-683406
-683618
-683801
-683810
-683826
-684123
-684276
-684893
-684981
-685495
-685541
-686240
-686541
-686927
-687317
-687721
-688209
-688460
-688705
-688769
-688808
-688871
-689279
-689313
-689803
-690063
-690217
-690391
-690459
-691304
-691889
-691905
-691936
-691954
-692030
-692199
-692260
-692303
-692771
-693086
-693237
-693282
-693337
-693403
-693516
-693545
-694009
-694145
-694258
-694273
-694522
-694558
-694982
-695229
-695702
-696026
-696309
-696749
-696802
-696924
-696974
-697403
-697491
-697679
-697712
-697792
-698330
-698519
-698658
-699257
-699259
-699404
-699521
-699834
-699915
-699993
-700321
-700376
-700406
-700659
-700665
-700679
-700967
-701007
-701061
-701074
-701302
-702013
-702135
-702196
-702326
-702351
-702509
-702604
-702732
-702850
-703027
-703564
-704077
-704189
-704206
-704218
-704254
-704279
-704498
-704759
-705060
-705800
-706059
-706182
-706293
-706553
-706562
-706877
-707027
-707112
-708052
-708238
-708450
-708586
-708770
-708879
-709127
-709341
-709423
-709630
-709732
-709938
-710122
-711260
-711402
-711452
-711711
-711743
-711759
-712125
-712506
-712809
-712891
-712896
-713047
-713207
-713332
-713486
-713504
-713556
-713557
-713619
-713737
-713989
-713998
-714262
-714277
-714309
-714467
-714591
-714796
-714856
-714862
-715055
-715475
-715727
-715853
-716166
-716199
-716537
-716617
-716856
-716919
-717090
-717187
-717299
-717344
-717377
-717798
-717978
-718226
-718768
-718922
-718967
-719300
-719560
-719845
-719853
-719993
-720441
-720507
-720810
-720837
-720897
-721059
-721157
-721335
-721434
-721614
-722018
-722202
-722341
-722390
-722745
-723134
-723296
-723407
-723623
-723846
-724112
-724159
-724171
-724374
-724393
-724964
-725461
-725484
-725628
-725659
-725805
-725947
-725967
-726032
-726096
-726431
-726444
-726452
-726608
-726776
-727224
-727322
-727407
-727598
-727648
-728023
-728047
-728113
-728194
-728213
-728360
-728449
-729406
-729582
-729698
-729877
-729928
-730112
-730758
-731255
-731322
-732754
-732907
-732914
-733086
-733894
-733925
-734097
-734163
-734335
-734727
-734968
-735065
-735672
-735855
-735989
-736127
-736253
-736274
-736639
-736848
-736874
-736966
-737150
-737763
-738912
-738982
-739483
-739857
-740394
-740805
-740933
-741013
-741034
-741260
-741668
-741774
-741807
-741936
-742037
-742240
-742418
-742590
-742607
-742861
-742982
-743145
-743242
-743348
-743351
-743665
-743769
-743846
-743956
-744133
-744175
-744552
-744696
-744771
-745178
-745287
-745808
-745890
-746730
-747059
-747154
-747173
-747201
-747516
-747571
-747999
-748051
-748251
-748743
-749075
-749351
-749360
-749880
-750085
-750271
-750297
-750466
-750507
-750612
-750718
-750812
-751119
-751675
-752136
-752219
-752286
-753022
-753032
-753486
-753705
-753721
-753850
-754263
-754410
-754494
-754622
-754867
-754936
-755469
-755544
-755590
-755996
-756144
-756146
-756176
-756562
-757049
-757367
-757434
-757471
-757537
-757543
-757882
-757926
-757991
-758334
-758395
-758467
-758664
-759803
-759950
-759991
-760282
-760340
-760938
-761576
-761639
-761771
-761854
-761857
-761968
-761969
-762115
-762868
-763197
-763754
-763830
-763965
-763980
-764228
-764261
-764441
-764630
-764852
-765193
-765702
-765919
-765998
-766251
-766309
-766371
-766488
-766546
-766604
-766677
-766743
-766815
-767155
-768004
-768462
-769090
-769540
-769651
-770151
-770184
-770641
-770862
-771002
-771353
-771523
-771532
-771620
-772001
-772309
-772314
-772403
-772475
-772800
-773094
-773305
-773689
-773873
-774173
-774327
-774541
-774559
-774826
-774850
-774853
-775048
-775291
-775519
-775741
-775946
-776036
-776250
-776260
-776642
-776751
-776827
-776859
-777054
-777253
-777276
-777380
-777616
-777682
-777703
-777758
-778044
-778151
-778254
-778409
-778548
-778567
-778668
-778800
-778808
-778942
-779765
-779815
-780114
-780323
-780370
-780864
-780925
-781458
-781950
-782239
-782500
-783241
-783704
-783868
-783897
-783924
-783954
-783987
-784012
-784205
-784376
-784830
-785776
-785897
-785986
-786134
-786338
-786347
-786810
-787350
-787452
-787589
-787979
-788020
-788251
-788610
-788674
-788870
-788903
-789462
-789523
-790018
-790120
-790201
-790372
-790984
-791083
-791306
-791660
-791697
-791897
-792342
-792397
-792611
-792824
-793164
-793455
-793507
-793524
-793537
-793541
-793964
-793969
-794019
-794203
-794389
-794562
-794726
-795037
-795280
-795477
-795478
-795519
-795841
-796068
-796100
-796127
-796281
-796461
-796648
-796697
-797025
-797065
-797080
-797295
-797309
-797322
-797601
-797646
-797851
-797863
-797880
-797977
-798151
-798198
-798213
-798283
-798287
-798341
-798425
-798563
-798946
-799403
-799750
-800092
-800606
-800929
-801673
-802059
-802113
-802569
-802578
-802790
-803165
-803290
-803448
-803468
-803571
-803732
-803743
-804080
-804213
-804267
-804335
-804409
-804919
-804967
-805255
-805541
-805745
-805775
-805909
-806270
-806329
-806417
-806621
-807341
-807672
-807818
-808066
-808194
-808370
-808539
-808655
-808673
-808826
-808846
-808871
-808906
-809089
-809182
-809728
-809755
-809934
-810381
-811213
-811340
-811610
-812029
-812211
-812339
-813007
-813028
-813175
-813485
-813638
-814408
-814685
-814719
-814737
-815121
-815141
-815408
-815556
-815826
-816425
-816468
-816858
-817467
-817529
-818104
-818105
-818536
-818580
-818581
-818667
-819223
-819233
-819563
-819610
-819641
-819745
-819877
-820074
-820124
-820146
-820364
-820524
-820794
-820942
-820976
-821047
-821151
-821512
-821596
-821680
-822448
-822523
-822603
-822787
-822965
-822987
-822991
-823033
-823051
-823080
-823151
-823280
-823414
-823608
-824181
-824628
-824906
-824960
-825051
-825414
-825470
-825495
-825739
-825785
-825801
-826323
-826372
-826399
-826857
-827092
-827104
-827170
-827308
-827762
-827923
-827941
-827970
-828114
-828166
-828223
-828410
-828497
-828839
-829301
-829327
-829328
-829371
-829762
-829790
-829920
-830008
-830240
-830379
-830584
-830819
-830833
-830962
-831030
-831230
-831341
-831372
-831657
-831936
-832542
-833017
-833106
-833275
-833476
-833691
-833895
-833955
-834055
-834285
-834371
-834684
-834778
-834851
-834906
-834940
-835267
-835652
-835828
-835935
-836288
-836417
-836740
-836951
-837103
-837628
-837633
-837945
-838001
-838584
-838629
-838671
-838767
-838841
-838873
-838887
-840603
-840625
-840654
-840989
-841144
-841243
-841587
-841645
-841803
-842200
-842227
-842584
-842612
-842664
-842705
-842860
-843012
-843323
-843343
-843528
-843612
-844261
-844410
-844481
-844692
-845060
-845221
-845658
-845745
-845800
-846110
-846336
-846487
-846893
-847017
-847044
-847097
-847397
-847417
-847533
-847572
-847677
-847690
-848036
-848073
-848135
-848207
-848257
-848750
-848813
-848947
-849017
-849114
-849423
-849473
-849992
-850096
-850193
-850306
-850517
-850562
-850614
-850689
-850824
-851221
-851233
-851578
-851687
-852203
-852216
-852277
-852579
-853111
-853122
-853265
-853304
-853956
-853976
-853985
-854066
-854194
-854327
-854792
-855061
-855801
-856118
-856214
-856238
-856258
-856261
-856403
-856589
-856637
-856702
-856874
-856898
-856991
-857066
-857149
-857169
-857303
-857411
-857631
-857738
-857904
-858045
-858093
-858489
-858512
-858588
-859139
-859220
-859308
-859308
-859425
-859525
-859745
-859841
-859871
-860061
-860503
-861096
-861585
-862112
-862730
-862749
-862887
-863033
-863287
-863591
-863971
-864108
-864166
-864668
-864786
-865094
-865144
-865539
-865753
-865756
-865851
-866234
-866584
-866682
-866697
-866745
-866791
-866930
-867117
-867171
-867254
-867317
-867800
-867801
-867907
-867934
-868094
-868259
-868322
-868540
-868571
-868911
-869092
-869326
-869461
-869504
-869815
-869860
-870187
-870376
-870619
-870745
-870854
-871196
-871552
-872373
-872601
-873105
-873144
-873367
-873536
-873958
-874159
-874462
-874795
-874821
-875263
-875665
-875722
-875757
-875773
-875951
-876726
-876740
-876993
-877091
-877266
-877409
-877556
-877654
-877669
-877893
-877933
-878254
-878713
-878730
-878990
-879321
-879477
-879506
-879574
-880243
-880285
-880426
-880946
-881252
-881253
-881867
-881988
-882034
-882126
-882375
-882399
-882479
-882671
-882786
-883072
-883103
-883246
-883309
-883599
-884132
-884631
-884782
-885474
-885525
-885597
-885669
-885676
-885760
-885793
-886686
-886761
-886895
-887119
-887365
-887610
-887675
-887901
-888405
-889222
-889613
-889783
-889855
-889869
-889909
-890089
-890252
-890444
-890444
-890513
-891115
-891163
-891187
-891651
-891728
-891894
-891959
-892347
-892417
-892745
-892884
-892902
-893777
-895418
-895576
-895747
-895984
-896089
-896538
-896802
-896919
-897297
-897311
-897663
-897673
-897898
-898173
-898229
-898280
-898395
-898403
-898647
-898732
-898988
-898998
-899166
-899325
-899510
-899668
-899705
-899799
-899892
-900059
-900179
-900219
-900274
-900981
-901005
-901165
-901211
-901386
-901466
-901770
-902113
-902162
-902296
-902336
-902354
-902371
-902548
-903159
-903239
-903712
-903800
-903886
-904023
-904337
-904552
-904737
-905127
-905242
-905372
-905610
-905758
-906252
-906385
-906523
-906557
-906668
-906739
-907208
-907382
-907584
-907829
-908036
-908141
-908347
-908443
-908738
-909155
-909219
-909307
-909363
-909477
-909524
-909860
-910345
-910633
-910847
-911174
-911422
-911443
-911484
-911532
-912124
-912425
-913321
-913494
-913510
-913547
-913628
-913956
-913967
-914076
-914380
-914545
-914552
-914656
-914893
-914931
-915398
-915946
-916038
-916237
-916326
-916550
-916958
-917001
-917073
-917075
-917454
-917567
-917625
-917790
-917937
-918370
-918389
-918392
-918722
-919093
-919542
-919558
-919800
-919874
-920023
-920162
-920188
-920292
-920713
-920804
-920856
-920974
-921001
-921025
-921322
-921529
-921585
-921709
-922282
-922314
-922510
-922577
-922716
-922912
-923231
-923272
-923509
-923537
-923543
-924035
-924440
-924476
-924527
-924572
-924835
-924902
-925913
-925979
-926600
-926631
-926822
-926828
-926890
-927232
-927531
-927551
-928116
-928322
-928429
-928484
-928781
-929346
-929366
-929739
-930130
-930465
-930553
-930600
-931473
-931880
-931926
-931984
-932010
-932105
-932220
-932524
-932536
-932719
-932895
-933016
-933269
-933504
-933605
-933629
-934268
-934357
-934597
-934863
-934911
-934975
-935292
-935454
-935635
-935948
-935983
-936023
-936367
-936459
-936524
-936533
-936902
-936904
-937105
-937522
-937570
-937635
-937705
-937771
-937861
-937966
-938405
-938826
-939151
-939325
-939417
-939461
-939648
-939699
-939879
-940003
-940208
-940264
-940460
-940764
-940771
-941072
-941184
-941240
-941498
-941736
-941771
-941859
-941932
-942432
-942739
-943345
-943885
-944150
-944279
-944504
-944548
-944756
-944836
-945281
-945442
-945575
-945845
-946342
-946397
-946405
-946778
-946840
-946946
-947713
-948070
-948488
-948612
-948661
-948876
-949031
-949244
-949522
-949728
-950216
-950581
-950696
-950877
-951049
-951421
-952172
-952332
-952488
-952593
-952915
-952933
-952981
-953058
-953303
-953576
-953694
-954070
-954363
-954523
-954535
-954637
-955007
-955329
-955370
-955664
-955736
-955985
-955992
-956217
-956368
-956370
-956720
-956859
-957024
-957225
-957294
-957449
-957484
-957964
-957999
-958130
-958591
-958656
-958742
-958769
-959180
-959224
-959767
-959872
-960284
-960327
-960453
-960470
-960752
-960847
-960930
-961268
-961332
-961334
-961450
-961483
-961690
-961715
-962182
-962531
-962807
-962808
-962887
-962901
-962911
-962917
-962939
-963147
-963175
-963415
-963512
-963686
-963836
-963843
-963919
-964203
-964332
-964396
-964599
-964949
-965048
-965153
-965508
-965537
-965688
-965972
-966085
-966165
-966172
-966229
-966512
-966545
-966793
-966947
-966990
-967276
-968207
-968471
-968857
-969929
-969975
-970360
-970550
-970664
-970798
-971574
-973657
-973670
-973788
-973829
-974081
-974320
-974356
-974822
-975029
-975244
-975779
-975881
-975884
-975977
-976259
-976572
-976648
-977197
-977518
-977555
-977705
-978120
-978229
-978532
-978627
-978796
-978922
-978952
-979201
-979399
-980019
-980292
-980503
-980588
-980677
-980707
-980917
-981126
-981260
-981315
-981393
-981582
-981776
-981901
-982251
-982338
-982485
-982507
-982516
-982579
-982976
-983042
-983599
-983642
-983732
-983857
-984190
-984200
-984486
-984521
-984906
-985209
-985319
-985352
-985433
-985527
-985571
-985736
-985964
-986322
-986420
-986449
-986654
-986672
-986744
-986790
-987040
-987328
-987419
-987660
-987986
-988277
-988454
-988471
-988523
-988966
-989250
-989504
-989698
-989791
-989899
-989946
-990132
-990303
-990304
-990340
-990504
-990667
-990758
-990850
-991059
-991335
-991386
-991408
-991469
-991529
-992053
-992266
-992351
-992422
-992588
-992862
-993108
-993475
-993551
-993676
-994310
-994334
-994487
-994606
-994676
-994904
-995168
-995710
-995770
-995810
-995901
-996132
-996199
-996208
-996350
-996683
-996871
-996946
-997090
-997326
-997343
-997451
-997859
-998084
-998622
-998954
-999121
-999484
-999621
-999628
-999678
