433911
995278
308451
709576
863714
-564627
966823
960291
383862
-182822
673159
878144
97529
-552063
-906163
-389324
-458914
904344
128268
-710390
49669
36304
463753
-280909
535441
725326
739946
-842103
-574097
-790943
595662
-8078
-696129
519515
508663
-724209
-488771
207809
-117179
-183895
446699
471368
509481
-84409
509859
-475150
184206
15831
435578
595346
-334974
-352470
-613246
437372
543266
345824
-203108
-175717
957447
224651
-610939
-705734
484796
597884
596735
-921224
-807803
-470819
662081
140543
-551433
-691838
-530271
-674152
328661
523689
546892
-3897
787191
-787604
-562197
79195
-40781
448526
4783
-592850
-673516
679599
-433333
-956873
-512815
-87307
368735
146718
723216
806245
793067
-753913
144912
-79406
-362355
488694
-355130
-774999
-995797
-819757
-69651
147953
-462633
-51730
491720
-54467
389323
548953
-655416
334310
-548160
28287
120146
213110
-81126
-744435
200921
-790031
79873
856141
-115278
-36656
-607595
209414
-254952
-553103
-180
-217472
-59188
-430343
430331
-525488
-809187
-924208
222191
679258
5145
768390
182706
-209213
-981392
757026
788021
-766168
474258
-135384
-159911
-246031
-929166
-153769
-104019
821973
18264
-178273
774329
-808234
-790245
245148
-999895
189838
-263249
-246043
-636145
638751
-978758
-51368
-774232
-184980
-255000
774243
529408
-210695
-805085
555582
-762269
234089
933460
50155
577702
945285
360213
879858
498308
-970027
-834201
243036
-348437
-722096
901680
897680
154233
-308166
-728419
611261
-434295
-225730
-866366
-332432
228386
630338
872032
-394259
195969
74349
540407
831212
203709
977866
529567
220838
-128399
787520
108518
716604
439907
-722202
-202967
-850691
6111
22669
-822687
335718
83536
733778
-981995
-832357
-205322
-519108
20371
260926
66631
437185
-841625
-34384
788337
-764744
798423
-863052
444499
854337
-430265
223848
783734
-745407
-667259
355330
457704
-694522
670889
-601733
-157782
109565
-399346
-360963
235661
-318305
-470199
438337
-704747
-145812
-181892
460192
-162362
327437
968165
-588145
-267577
-72795
72670
331953
-852649
182936
773072
-80204
882177
975806
-215462
713361
698578
-24006
353749
807757
-555907
878947
-574403
731314
-173278
791750
-515014
-823514
170027
-76707
-361079
701575
-592713
174879
980465
-639967
-939654
144495
-158824
764320
355010
925310
554558
-806825
-247647
7926
-349301
-342260
208310
-497700
-327203
186506
57679
-677343
-681152
807419
574186
562963
831979
-285998
-986163
-670453
-158482
-483668
71463
170626
-271097
553018
-546009
533512
-74335
466974
-600537
176800
-684765
842517
196364
-450192
-368124
-595923
828058
616619
-441491
-658839
-405119
354544
688874
148122
-737016
-208226
-433556
-206039
313961
132978
295000
788628
-594480
-606179
-882849
35458
265353
-523954
-307667
-789312
-533171
-948965
174550
-757263
253778
-362260
-884329
435447
-401572
-794846
342110
658387
-970846
-766967
1688
-495625
262988
-210576
668836
606002
-317918
784017
-651817
519747
-595095
-976240
-712523
-568023
-992915
862977
-552194
-820623
896957
-780696
-213644
-236146
-979192
-715586
-857045
-859845
574693
-328727
-919821
-737687
829651
-320949
-467225
-173058
765099
-335923
-958870
465587
772231
-614864
617754
-330365
640137
679298
-656058
-96084
-827492
-421406
-181531
798252
-84501
-425971
-28392
-211258
-322618
319029
450049
473419
-366101
75272
-106003
733054
841131
-471769
-485002
-787530
-20198
786655
783260
370869
29833
-305135
-675885
760880
753270
281784
458097
714431
571595
535398
-653812
-155084
-969173
898899
349384
62050
-924364
-473608
455149
749255
868327
792646
393908
714875
887204
416574
667916
-491584
821607
-245599
-295737
699551
426494
931304
-711489
876290
668421
50974
365966
783748
175010
491883
-883343
-376887
81059
526169
793484
436228
-769758
-682121
235860
-711996
-613882
272080
504171
-26038
683868
27469
888661
684233
819144
472221
359262
656428
746554
-879801
277695
112363
-177740
-701168
907005
97612
-955928
766896
-515
364169
-138519
-831481
-585937
659566
245213
175640
791363
653120
-172069
-911662
140117
189299
-493794
374127
-996652
451119
-904092
-192545
55250
-79497
151383
865010
-890364
-206277
-139139
-477658
-539932
651626
862969
2084
-895492
588204
-456884
-78151
-922314
-451568
-833410
-610790
-508542
151071
-223038
431274
345213
-367793
-697368
-760558
-382561
245957
970983
-458673
763301
579306
-855253
918799
958731
115511
-594176
-998416
682763
-419934
935609
477586
154178
83371
-792437
-933372
-552873
283621
518438
-917869
131264
271441
265418
-874289
-173836
-342148
163259
847514
846037
207284
-382753
-139612
-97625
164452
-583395
-331970
301891
-580950
331911
776362
-633273
-105973
-775154
81858
-219158
-970062
81063
458309
987764
-165688
625829
-907681
-961101
475673
-984152
-17806
56361
-839505
818408
-684778
626287
971231
339509
-873814
810786
893946
-826719
302505
-977780
-961019
242747
804794
-42543
323160
382613
252065
778361
-406043
765890
-612626
790236
-297603
276418
13104
278268
-510814
-20706
740740
-214352
-751305
573231
480223
-856828
-378114
644687
-158750
748479
-552411
351054
827133
-629676
122093
234042
-838930
-998927
493820
-965986
-854548
373651
-180154
-238103
-540674
433861
793920
492098
-655258
999093
-196849
912312
292775
692910
159754
21657
603230
966108
-619269
813082
-302224
461624
-580846
228726
767966
120755
107222
418359
350495
-625198
-274180
-395016
360606
-353415
-695133
-657399
-880026
161356
878952
923973
-389139
-416572
816710
-679413
-967857
178672
733254
-904418
-403363
-325728
-939692
-965729
-108425
895080
-798549
177131
-663698
-986796
-408238
171097
646194
-970943
-279934
-77343
20752
-410727
-164066
634504
-344377
985009
-389425
923742
303032
-286703
-823353
281029
396037
22729
620663
330874
422517
-609263
563418
-972752
-738727
614358
122477
449886
673045
125458
-203813
388547
-108593
226480
-760276
778804
442680
-994140
-726399
918652
390964
-68861
-536738
-617049
833402
303870
696776
137818
12701
390813
148847
-524761
-266090
-113461
206488
-783917
-917221
538408
439732
936590
-185596
-438849
94775
675650
533878
-908646
545613
603031
794181
285097
-240907
84008
-676116
356636
299665
-645894
-262099
-883182
-222841
440908
423722
-555648
-350765
843501
-576311
-645450
327900
880601
101308
172461
-5455
-220787
-866528
19915
314106
-853498
899399
269099
-353200
51116
882303
512296
-491617
-400056
150859
152862
571215
-191578
-774424
-30468
745275
-42374
-787549
-251581
328218
460076
294468
448773
965354
359518
-911316
-318162
75478
98690
653544
-162452
823432
628414
-986842
-913215
533998
836925
460048
732121
-885938
773667
53711
154506
-105908
87926
-818782
815507
729754
-255498
531470
603848
963151
15347
344015
138951
-33435
34137
-426193
-13463
264912
-229946
339092
983703
866179
893718
-106690
-853673
159148
816468
-539080
-214066
-221350
-364349
-380635
-900054
-38178
-111974
-573667
559310
-844496
633900
771065
545765
-112032
640157
-584404
380908
901298
995295
-31057
951167
989976
521942
693759
734611
867601
-788242
433354
671788
750616
-455109
642701
-793893
-590075
27167
118407
-416677
-167443
-916786
-461731
-511304
-353088
-991964
8818
33309
665117
268681
-910131
55530
335806
-127066
885876
651558
-153308
400578
930870
520421
433456
-667923
-905495
-877107
-818279
166603
-229611
-890520
-725440
767657
-219365
-373359
-687075
-920631
-824714
-873242
-667825
-899305
922476
-394597
-4851
161706
744757
-217641
-266126
-225759
857723
241228
343911
