-379191
-559520
242911
473259
945755
-303477
-329111
134426
-213107
-580737
-96610
-578563
-449304
220999
-938811
-74281
855896
421081
125090
26983
-6465
-285861
-371334
-380939
696037
890154
418868
-699368
-217885
-605350
-717050
-553790
843753
977247
194869
79074
654241
726657
-397354
961363
-167091
-845574
-216202
-416343
-110762
-114574
-379814
315754
-10649
-312374
-158126
88849
3585
-813469
-335048
670808
853705
425061
-178922
397756
-863250
49648
386698
-247524
-179180
701742
-280874
479813
-785736
-195773
628470
235908
180961
74691
124661
612952
-684547
-309954
-57213
162066
-953923
-391886
-676938
-628300
-955938
-653021
975749
-810037
-903010
578566
-996927
-821827
981214
137187
62116
727769
-8118
-915308
512729
551434
-632002
782548
338200
977164
250329
954938
-270096
888352
-268576
-219878
-32518
90835
522764
872068
969793
87224
-101097
-377088
175166
-140604
204572
807618
128731
-74123
-192544
-293478
516420
44604
-974740
672832
-286198
637653
-503363
156154
105896
-686652
137812
118953
-956885
-627612
-978996
-543451
-239326
-603570
551537
48373
759550
-640107
640991
-927977
-176999
-690613
572487
-416021
-49009
-192898
48058
-962948
-157717
-816728
-748178
619789
356504
822579
508709
763394
93459
3041
642207
-689889
241850
-422026
690606
192523
358450
68443
747901
911821
290604
31316
-294777
-144815
489577
-373072
-430944
-80260
659766
785019
-531992
981969
-197952
280042
688950
-269884
-127765
941551
-991755
545933
-851146
798119
-880609
-894307
944692
829374
24249
-375129
-640724
967343
-77254
938022
753559
293713
-264534
882216
720754
-66622
55027
711763
961909
-563041
-569542
-502833
-268094
-706717
-324845
-679013
226289
127195
711686
-781771
852697
44789
895039
270475
622326
231715
307432
720246
-477147
-123365
263375
824776
562787
-974132
-479029
305569
480609
216954
-809115
-133645
432646
-657611
-406898
-951956
-373386
-622764
102592
310151
-244706
161101
-2209
-385419
-306207
-28503
-566291
-953900
-172204
72691
-382263
250197
123841
384780
-473047
233381
5086
200723
-940844
-590361
-568780
-714562
133808
139345
944026
434600
790620
-438084
690501
-86049
664514
554666
246179
889972
108619
-348886
-878156
-584943
-803625
740010
56498
244567
81664
-350284
-237760
505690
906857
736702
-38535
-36077
565055
974267
-503904
-74855
629493
955387
-670372
199875
687962
263591
-311332
-979009
949969
555595
-75251
-392574
652770
246764
-438971
-281984
750816
-816146
332524
-5647
943820
695131
-291276
-634532
-669772
234405
-677696
-956909
-769310
343084
676231
-739143
776304
-840072
473316
-872383
-151608
462951
547246
-70728
250269
-658582
-652760
-247224
141413
-469189
-670615
734249
693077
-220624
-847300
941469
914857
-310130
916729
976841
150461
-450209
827567
-29379
-896398
473945
994340
224711
340885
609987
-40858
-300210
885323
-311942
-553275
-732876
-8753
870316
386486
964874
-392816
214063
-331714
-779154
883417
-801981
893005
-546322
466466
362367
462657
-581907
-722943
789505
-75045
190007
687131
-517235
949847
507315
880964
770493
-461275
-613321
833462
797428
412679
-565142
-141014
-956901
-412971
-941683
-43290
-259485
-879483
-52487
-691555
850191
27207
964833
630564
-226289
-145319
125656
903656
345945
492278
56376
-986650
468941
608098
-381170
-397407
-65957
-322245
72334
697515
947372
351817
211565
-770464
751568
615789
833877
-505917
-39357
-866825
667063
-433915
282933
741422
-642594
-497841
-904105
838186
-289554
-4047
-50836
286947
227653
177916
20355
747938
-173390
484293
785827
-603190
60810
-737888
-713387
-229918
659883
479049
710297
845858
-998445
474348
253399
-429504
-147882
-411213
697046
-905712
-920877
-640227
-797844
695654
-38558
-752958
-689117
376480
-457549
-597244
-183217
903004
392242
-365060
-171213
-185996
333943
-169305
737069
-223825
-235020
-727885
298891
257794
518288
-708096
-937965
646571
-950741
-996392
-77542
620578
409140
-339187
-498513
-510827
-989561
861565
505297
-451725
-518395
-468163
294817
175588
-266923
672884
-164325
384994
929414
-269885
742029
704959
-236652
-599293
-634096
628111
346750
141657
676406
783191
-158673
288789
-499252
320773
-634297
-954533
-227040
856491
-815576
794074
-914401
525379
888560
-433403
-427979
98523
-830565
-784515
446907
-958234
840461
938781
46065
-248369
727197
416810
-378650
969881
-872999
829510
59793
-219188
441727
976302
-690402
-146499
-838279
-55425
-310407
514843
-548418
357168
-246718
182018
-348043
279599
827748
-775851
347226
79284
713148
-372913
83025
-822976
-440666
-363053
-494310
533920
954945
445146
669736
-543161
966396
738396
59026
-371557
819188
-616611
-256463
516320
-998868
-919026
-155068
104639
-60820
695994
-86039
-578759
845808
-804946
650893
795363
-982080
-316509
-159665
-147942
913663
-864827
-770809
28499
-236103
-268382
244531
910816
953355
751644
-820299
192613
934136
783208
-673138
-604383
-513190
-668001
-167615
640174
-880083
-491990
-108580
919297
-815730
452074
579966
-250471
-430048
155819
-85378
27296
660958
-904219
879086
736122
-744834
-901182
-932014
-238721
499175
-611971
-948131
888701
556204
-830934
69691
401903
524924
-724864
-863129
-300213
159709
601135
440831
-748680
395032
-597018
-248023
-683893
23581
185393
-606840
-190302
-239764
49518
-975409
13554
930198
604333
983238
-645308
-772636
22536
-926128
254503
-795173
-649003
671309
577775
-935853
35267
540492
-815741
331858
-28802
954204
-594972
70202
-931183
-140316
328200
805793
362227
-877677
480073
-531818
-485969
-908754
807185
768847
755517
-549617
-358522
19513
806246
-270828
-118454
-893269
-16581
393467
346569
-407498
696033
397784
-894501
-790056
670306
-718333
778439
-84553
-63010
-968057
-106834
-873850
-19740
-84410
-653691
-358692
-806716
901705
480145
-990838
253450
551672
401706
430062
613586
783897
477458
71329
-693288
-149824
-741293
470317
-388538
-502352
-13943
165371
-91638
329631
471543
978127
716968
962370
975071
-782184
-103830
357701
904059
184178
-542158
-582028
-860789
714905
-863236
-625577
383750
-636369
2049
321634
807172
10330
762098
559473
-304364
78840
19444
447593
-502252
97181
-678148
-130619
-154076
621891
-212593
364604
-399359
-545453
-81490
482191
-95738
-626578
-650414
944988
112515
533166
968056
991200
-196523
380438
293327
-463985
972702
-438475
251172
-390019
-792533
59178
570756
808744
-996350
286613
-615154
-707997
-853420
-229912
-478614
-614994
-668668
-311408
-974770
148765
-655869
288478
-183535
392587
206583
-856801
-421235
69662
-677853
-495482
703
620708
-459135
522436
798652
-372585
637603
-712766
765226
228692
-753671
482890
799286
-154014
-490910
-576619
642125
301779
-340144
-30789
835200
864353
680513
-292619
78031
-564128
-979615
939437
780949
971475
181320
-299843
784311
-142541
465017
912948
349204
90088
674194
-214643
-68123
5436
-627382
276932
552006
-677329
-512031
416152
-193875
-164300
-426240
426541
137717
-572711
-20813
430160
913202
651043
949949
-455731
-251649
618560
50638
-849142
-11968
-146104
5054
-139772
-17418
-456600
-801535
-65896
-654206
-245335
336280
-687894
267257
923849
-413112
717578
-713418
-647309
-190261
45219
-771503
-677653
-827013
-419689
376511
-306024
883263
-916138
9801
-666901
-837374
98847
-221949
623520
73698
166780
664082
-196152
649929
313590
-915559
103606
543526
634575
-475297
-74224
-30842
965148
316111
-120309
754709
808692
459960
832156
271725
-884074
-862122
-481302
-17305
872582
-420303
405025
740879
82810
263433
-267124
133765
-228339
-72236
777451
257628
-507802
494319
-696878
-15448
-786029
947285
-498106
815863
632259
-679908
894202
152920
-946128
-163061
-565379
829194
-439863
-178235
-988929
170081
61465
278515
-562413
811457
546343
-183109
-51494
416820
-670047
-791409
420503
-950892
-892166
-155927
-485927
-636266
-425220
562164
369526
-717312
410882
368424
26259
808124
-713872
140110
-185407
292158
-904531
754016
-608645
118147
-650244
-411569
-198756
-372817
-672956
2517
-495839
645518
464351
515042
388138
-131110
520865
-941084
-368991
706101
-961652
-415873
139461
981040
-403514
808993
-810344
495289
364262
-992517
331359
221081
198607
-38522
-516366
613332
-995586
-215904
874458
197120
-931204
851916
499236
584393
999113
-649652
-636514
-142077
-691681
881301
851769
-553129
-116630
-273801
471802
942345
981045
10499
144738
-692434
-665907
-160515
950256
-620471
-303231
-590562
690649
-347173
-943175
-166030
-367506
927191
441410
863799
-237406
-903184
507442
-267442
900976
742779
271619
178740
909812
-734712
-194235
105145
648865
-551044
937430
272511
-732773
223384
580804
-4481
-90586
211670
963305
964200
420536
509301
361342
-580795
-119997
-645506
-398464
-305106
-671826
-996493
-655588
-44257
967480
197600
58178
-933695
425078
-153248
165199
845618
219433
-931409
-608270
-452769
-217231
-238343
-834085
-790997
-85596
592219
482400
-228796
-515960
-909176
-91425
-520661
-13816
-309218
640299
137639
-624243
-965266
902193
901979
549269
-183193
-507242
578556
469271
-833722
-514094
606005
-633214
842826
-714893
-845715
-96058
-900221
-259582
-530441
-314600
-489927
927442
-94993
-457498
-483872
812988
-587171
-587238
174956
-8097
844622
531527
-353711
-644910
306837
-704232
474780
-114849
857815
472478
188723
-74475
817691
-425960
579854
35810
77065
484544
922853
42273
411868
291175
-902497
871990
991429
230517
196069
-589943
-837796
-378578
-520126
-935493
516401
-812072
806532
817225
-826604
50926
703332
542343
-408733
943802
-469681
414949
-662350
840084
624348
250510
556768
-352995
514335
719043
118831
54895
949949
357493
-164671
407908
-201731
-306028
-413559
-438261
702275
358377
-104270
-689765
743173
-655787
390217
-20310
883668
981173
604180
-760121
-501624
385676
-40918
260690
-839786
-476491
453071
-551642
364542
-939138
-567149
763656
-192512
45501
951703
722221
909304
877233
-303384
-128559
-81368
852134
-206350
710555
-606876
652369
864388
649514
278140
-814516
-99113
32578
-246948
-500603
341432
-25709
-388088
-973759
-820632
387748
568394
29107
-441712
-889103
-841077
-84243
985052
-766169
-857836
-950859
-497798
720119
973359
-281007
-675602
-189459
-180871
-498834
-8950
-653275
14092
846050
-77674
-557278
-434916
486132
106425
-191109
9045
716245
262169
-543213
-894069
-446757
511124
76664
-316925
865858
-980015
-248779
933162
-463280
33368
-927763
617992
-132567
-214391
652953
875833
12498
53716
78810
384572
552110
-87947
-151858
937781
543133
311581
273629
-626729
534377
-306603
-968327
259121
21252
282520
-573758
969408
-674164
-757201
368079
662181
89257
638890
988397
-205476
439623
-212883
553964
996146
-318538
-824559
686095
-281574
174357
-580487
938814
-580930
860969
-127507
-683012
36112
902838
913693
82721
-6991
-344835
-687081
973149
298772
-939195
-97107
852149
-912516
-220674
-566845
193743
28091
23875
-53227
741149
-505766
-844769
-755587
-824377
-781896
896582
98912
536013
-397790
-567753
-301716
-889373
582514
-616793
-208699
-779148
-17554
-339679
-892396
698401
775667
920274
57317
431493
618240
677344
916828
-189817
44085
-644486
-880274
-920168
541023
-339736
-386879
-102963
-630511
-965184
897392
-12449
224702
922685
851083
-438924
-638819
-89539
182099
535902
459292
108593
-5125
-354753
-110406
488714
-983789
-137471
241373
-313193
-823617
411947
127570
368693
-682801
-271298
-240488
-373949
-594596
152246
-389455
923677
-219634
-317283
475594
-623888
-584514
520420
974953
-787250
-493712
969007
113015
59753
833096
954752
126332
-925370
-43699
651792
661606
652803
212761
-824005
908371
18702
-612564
567731
416578
-883332
797263
40006
764783
599782
821296
806318
186609
681733
-312427
-765187
-753477
818857
850271
285315
-82596
748563
524757
694593
810364
-942441
503761
-547058
717846
-761984
240235
676383
278257
497592
-2436
-681383
-251184
-283801
908256
-527106
-59604
668280
-783167
-160374
-308414
-703016
-981410
273722
853313
-774121
544870
425062
513092
-579028
98402
901713
355818
632154
-858965
513868
-647388
216723
255193
420691
158085
-989641
-789121
-913416
-578227
60745
454968
972852
-546443
171794
-398557
838618
209880
67526
-150045
845583
958341
205558
-261820
-804967
748342
531275
-540866
-800179
-584791
209997
-112746
147608
-524873
-273722
-922960
609388
-412395
-802423
901609
411360
-749906
662161
416948
55393
-203701
-537631
723831
-167743
542582
920857
-260275
612736
363744
-322106
48839
-6838
357876
-486373
-970561
506958
670704
593525
-345686
691710
206556
-511097
439299
-893163
-354141
-358291
39418
228824
717291
-110486
-605512
-605030
669964
-542543
909666
-895852
-486288
80734
-317479
-909319
258668
-872117
187658
-558675
-186432
364581
-172134
439230
-310351
-301838
842298
-858716
296155
152129
-250915
503680
-978812
-368378
938326
-300871
-936978
-532417
21899
36134
927935
-47359
-441383
696848
524563
242997
652202
949804
-919139
85885
-93472
-42609
611211
401323
-282163
789136
-387785
-460131
-668525
-337018
-450983
208732
987547
-183067
820357
508100
778888
460664
-318614
242353
794834
226679
276507
-920298
-819384
-684927
-151627
-620912
422085
-786931
607113
-847860
441710
-123520
541812
328318
-474969
-129822
547135
-273259
232529
574402
-204820
386388
-359251
-309074
458607
440207
-558062
-277592
785722
-249673
7386
200098
188469
-797538
515486
-401771
299266
292746
505030
-149045
-928605
-718279
909824
-392494
-395833
140977
-155839
280158
325339
-769744
915750
542476
-143161
424380
-393116
357289
403637
-682675
-97397
-172412
-771385
239132
404798
-70262
-528037
345995
-596573
603586
-784101
474893
309937
-625697
461152
-716380
-15638
971978
-977316
48378
-635546
387944
-414837
22052
923162
860641
559075
-545884
-862817
-707089
-54864
-533320
494772
-756856
765054
845542
412907
-856563
848262
773200
-175560
-686027
445519
531807
462509
578778
-213160
684709
-918114
826132
-20712
-994352
-356546
-408398
77343
439301
365644
-541656
261175
-736256
-473869
462944
-731221
142332
49468
-226722
-487439
-684625
867540
655668
377840
-715049
-578787
-221253
-411322
-66700
381663
-402757
-950827
-322066
302010
954695
-639095
862904
-486447
-943984
726413
915903
-89784
-688416
-87241
-924193
-410617
-241008
855090
316973
422886
65946
-494251
-308238
-232044
-825560
-117315
-341146
639266
-178268
-57810
-891044
-774266
226361
371016
259777
557545
-961699
-121915
877465
839909
598639
-97558
95549
388230
-662865
209671
418917
-182852
-416105
-189263
-304946
-927033
-567279
643320
-813557
309096
-510006
-77072
-748907
-542853
-956927
-190508
388297
-175387
-924243
-272101
-674429
507213
-628403
564296
21678
632743
-816750
677588
995501
674696
413712
270304
-714351
-406798
-249267
-179569
-40366
-402803
697105
70516
758073
645632
848332
-79810
-220092
643626
86458
-149171
758867
212599
-108344
430131
525121
-710196
401294
-847
932161
459057
218030
689810
-479529
-638841
140048
498572
-166179
-400991
828556
84882
647962
-258846
-217693
-17353
-307173
703884
263204
-115689
397522
45297
876855
457534
-973451
-111938
-363546
-948479
409857
605287
-638807
826426
221489
440780
18587
-399050
162017
-724610
-444577
178544
-577705
-928446
-300808
340541
58411
66914
-785833
-425639
839195
981203
573267
428220
-962296
-721721
417801
738995
-391334
686283
340902
637055
178917
198267
-89741
-145543
403970
-556240
-32963
373589
-966096
386393
438135
503487
-370672
143828
298351
-903972
208318
278051
-566100
-852480
-297298
754998
394144
-733307
-637946
-485179
916316
376767
-295733
-986483
-849066
414493
-40466
121470
467835
-865721
-982080
882024
257682
-991726
923451
-961133
-837367
823052
74287
-907170
-434088
-779324
539369
-881427
247070
941890
-919371
-316419
-446389
791562
71159
790362
561155
-782731
-663020
487752
-754683
-12739
-732990
647498
-15035
-992214
928683
75155
724228
563485
-915353
-907458
131560
625985
330910
-150953
408227
173751
867877
-230465
939177
577120
-973276
-614889
-303534
82006
558980
494030
-618975
-255744
-869413
603632
-84269
402944
478746
323417
718950
-447601
-538844
157139
-659524
-576578
-23603
203426
456480
300309
-810552
-452472
742368
289036
-425664
563170
252838
120275
-399129
754304
163587
104301
961896
-4955
-320330
-818125
684096
470852
620396
404436
-749447
845205
127515
-181584
420396
-55934
179161
46269
616882
186040
661794
800414
-101012
-475978
84857
568753
227107
600180
866670
948423
-797182
-544129
-657145
85654
495916
-49476
214807
239064
-977269
-831024
-584099
-838769
-928155
-173475
-752681
148156
916128
-453644
773867
275112
171137
-933657
-130059
-595886
-847926
-274692
192360
-612333
261857
-600582
-703710
-877090
-73794
-534624
-319725
-538599
374117
-467370
-428029
-54860
164142
-635202
818306
-394203
38098
-881877
353990
579646
121922
-499994
887260
442505
-546587
365523
-97238
-232416
276852
861702
-671967
236961
974138
-96007
-548656
-700278
-964796
-695890
217813
-97798
907147
16924
415688
-253889
800404
955922
580847
855417
63453
702086
-69334
-367747
-449935
-34897
-264132
915147
607719
-146462
387162
13010
34331
102238
689879
-921640
487376
469767
255345
-650996
-492145
-748033
-746429
363017
358545
-69416
288126
-502407
-982057
735500
325403
-793908
-162421
440050
-699190
976992
-712921
674131
-389119
-481545
-307991
45648
129857
178012
449786
-972898
-927128
-185923
787601
536867
-118645
-646739
915126
-860510
-912575
696792
-408619
-399659
224416
-847136
586569
987409
225535
-672202
816510
81244
-196134
-762671
-349707
835855
412269
318016
436149
-409407
-130831
217825
-27861
-730232
-16536
979254
239610
-556425
147188
-523830
506981
-193053
-440894
-278013
713377
150212
995224
885947
-541386
-807989
-261625
612588
15463
-956806
334405
-940091
-530277
407184
-500896
754051
-616656
-253633
98075
-450473
-647370
-20079
336021
381623
41034
-837902
900997
185070
-77230
-160956
-266304
50583
331508
63647
-908638
912295
-530448
392251
-689662
-793328
254526
-593387
159956
723900
242226
772695
547143
521681
799010
-681198
174415
848828
579215
-924914
-741063
167703
-921645
638532
-921263
930588
427187
-643982
-111279
-55971
-52247
-246295
-885620
-354861
843946
-707464
-887713
534150
57563
-432539
468150
469549
593166
-22635
640902
381620
-424418
-527984
-522715
-615630
-567522
675336
-967991
27083
429880
474662
-935660
303023
577845
149496
491069
946554
-548974
64406
-31460
-408227
-666880
-890746
275714
-892411
-748236
311858
-803878
881854
-143353
-883022
-988367
-631847
521023
-480231
249450
-67583
825012
-108244
-315337
70780
-909535
-809407
289024
-699647
-522760
-175688
928709
-162776
219918
-879513
-962529
-413064
56229
-260614
849906
70738
-976391
-85405
330617
-600534
188909
554396
-535892
247992
808500
-572496
-768905
-315850
-44064
316031
107145
171277
-198502
-782761
627970
123296
-185232
94879
118730
-701924
-929912
284693
-604362
-835780
-268085
228450
-393742
-395905
581630
13807
796358
-651540
556079
387287
-277192
-530183
-637802
-466428
26572
554405
-861208
604450
-273167
-848756
724021
-305604
-89297
87748
734877
-99366
-782630
-937649
-184523
121633
71091
-23330
-641267
296947
535911
389070
-500240
-766357
901934
-747456
-381278
-943908
607967
186176
-643944
-185692
429069
834142
856422
804516
-306376
-586703
831814
-576963
-219628
-825989
884084
181666
-692355
54290
490415
-894930
62537
-730238
102887
246236
888023
397013
-127323
989827
163967
-431713
563781
756264
418523
781798
891123
668289
-429822
25899
989650
-729595
838265
667319
-620462
-813118
-561556
-584462
-348687
-898663
-850249
-450422
743573
934066
-529366
3320
-265507
-18554
-418513
-524203
-63377
-113413
440558
59955
-928481
-283885
-626645
409797
-883238
-830689
-821226
-273650
-257849
-131357
-851906
-367292
814999
-758092
-325510
-14065
-451791
492833
-481043
-596703
-371789
-691857
-529315
455474
333166
-986486
618287
798813
101686
-543367
-830945
326204
-830208
807954
386354
652800
-790270
497215
-583626
853347
-912694
-237394
-235915
437359
-194356
282560
301145
-414528
403668
252704
23555
-488331
946329
-178948
616867
-559077
339284
376646
668314
-23983
-626008
139449
-916136
-155047
684890
507166
846050
-506861
-787352
-994407
150507
230242
255931
686898
-871172
232985
-805403
27697
-357919
224224
-18129
506767
946139
397533
565695
-966929
543316
-163698
779364
-194530
-64836
356821
-555363
-356490
-933767
70044
145101
-74657
-999806
646729
622208
815901
-74897
970888
-975279
235354
-598321
481290
535969
927433
692359
900096
-266951
-603295
497891
-805202
950246
-301641
-232049
998536
359565
984641
-239505
425169
-454903
-54005
472544
-973545
219861
-166609
910524
-32118
249035
580380
33307
-291845
-469785
16283
-870507
-194801
672284
-12628
794433
97980
-202878
590747
-363285
704357
114405
-799276
-161098
358234
30995
-307190
620795
-971647
509815
687896
706628
986970
-236719
385202
-104061
-342654
63187
757749
677693
-700943
400615
866888
-230458
-25850
116237
-280287
421081
482308
-378373
289245
364182
-875609
873826
-889080
888869
-44473
711612
-578899
-364851
916110
-776682
-407606
87062
825457
-692045
-494293
423222
-232700
649680
-523134
-508065
-115455
501644
-588282
49955
-50926
764372
-83003
448848
547791
-538266
-111231
-24099
-140128
819355
-695551
-879913
919589
503190
-35315
-675592
953848
-992825
-823692
-869818
601934
-168062
265967
-227483
-993077
526015
-710699
-574039
97227
826779
-474071
493377
187947
-779366
-668539
-19497
-30276
601025
264074
386553
509897
464676
322648
-107825
680748
982063
-198024
-726987
-937286
838750
-718959
590493
-796851
788235
-415740
10254
620631
-848203
-32070
749151
458209
953248
-192647
943981
-170851
-256695
375124
390572
-214432
719992
-566508
316695
-262101
729647
-852609
-704478
-162682
328822
-812095
725700
-841599
-588022
-701542
-11626
457953
-933990
-529405
-95760
-438825
985690
-591117
-977238
945049
-275516
-823563
-577133
-441143
-851420
-235581
-655116
-615917
756119
582051
-51300
324296
-541272
-990670
-755091
-993452
-449878
-136215
221716
169204
-641326
75286
725889
687819
768871
-337563
558351
-239598
76207
-809570
-651292
-244920
-292158
923178
215871
328100
-692493
457554
536845
28550
969513
232111
-249098
-625963
-395446
-825209
279714
-771268
-350902
-233880
587854
-38275
352926
315198
-418253
335065
-602699
-411475
-823939
-947721
-338027
-80273
-746933
-933391
-609912
290961
664665
180719
929554
-167613
-872521
423498
-929134
-998606
548868
860029
-388307
-611224
421579
-435118
113204
-43059
-858822
620803
-593757
403848
776027
